ch1,ch2,ch3
0.00263214111328125,0.010528564453125,0.0006642341613769531
0.0157928466796875,0.010528564453125,-0.005367279052734375
0.0157928466796875,0.010528564453125,-0.034393310546875
0.023681640625,0.0157928466796875,-0.00534820556640625
0.023681640625,0.02105712890625,-0.00011527538299560547
0.02105712890625,0.0157928466796875,0.007843017578125
-0.00789642333984375,0.0052642822265625,0.01041412353515625
0.0,-0.00263214111328125,0.005191802978515625
0.00263214111328125,0.0,0.005191802978515625
0.010528564453125,-0.0052642822265625,0.0157623291015625
0.0157928466796875,-0.0052642822265625,0.0157012939453125
0.00789642333984375,0.0,0.0157012939453125
0.00789642333984375,0.00789642333984375,0.026336669921875
0.00789642333984375,0.00263214111328125,0.0394287109375
0.0,0.0,0.01313018798828125
0.010528564453125,0.00263214111328125,0.0025043487548828125
0.02105712890625,0.00789642333984375,0.007778167724609375
0.01316070556640625,0.0052642822265625,0.01300048828125
0.010528564453125,0.00789642333984375,0.0025653839111328125
0.010528564453125,0.00789642333984375,-0.005329132080078125
0.010528564453125,0.0184173583984375,-0.0133209228515625
0.01316070556640625,0.0263214111328125,-0.03973388671875
0.0289459228515625,0.02105712890625,-0.03973388671875
0.0184173583984375,0.02105712890625,-0.042327880859375
0.0157928466796875,0.0157928466796875,-0.037078857421875
0.01316070556640625,0.0184173583984375,-0.037078857421875
0.01316070556640625,0.00789642333984375,-0.03448486328125
0.0052642822265625,-0.0052642822265625,-0.042266845703125
-0.0052642822265625,-0.0157928466796875,-0.0712890625
-0.01316070556640625,-0.0157928466796875,-0.0687255859375
-0.031585693359375,-0.039459228515625,-0.06329345703125
-0.04736328125,-0.052642822265625,-0.076416015625
-0.0421142578125,-0.04736328125,-0.06329345703125
-0.031585693359375,-0.055267333984375,-0.050140380859375
-0.039459228515625,-0.06842041015625,-0.050140380859375
-0.034210205078125,-0.04998779296875,-0.060699462890625
-0.034210205078125,-0.052642822265625,-0.050201416015625
-0.04473876953125,-0.0762939453125,-0.055267333984375
-0.0762939453125,-0.084228515625,-0.06317138671875
-0.06842041015625,-0.084228515625,-0.0289306640625
-0.04998779296875,-0.084228515625,-0.044891357421875
-0.036834716796875,-0.07366943359375,-0.044891357421875
-0.036834716796875,-0.06842041015625,-0.03692626953125
-0.04998779296875,-0.06842041015625,-0.034149169921875
-0.04736328125,-0.0657958984375,-0.018341064453125
-0.034210205078125,-0.055267333984375,3.0338764190673828e-05
-0.023681640625,-0.055267333984375,-0.0211334228515625
-0.023681640625,-0.04998779296875,-0.0185394287109375
-0.00263214111328125,-0.04998779296875,-0.0185394287109375
-0.031585693359375,-0.04736328125,-0.042205810546875
-0.0184173583984375,-0.04473876953125,-0.00010311603546142578
-0.0184173583984375,-0.0263214111328125,0.0289764404296875
-0.0184173583984375,-0.0263214111328125,0.02105712890625
-0.0184173583984375,-0.034210205078125,0.00777435302734375
0.00789642333984375,-0.01316070556640625,0.0183563232421875
0.0052642822265625,-0.00789642333984375,0.0235595703125
0.0,0.0,0.05804443359375
-0.01316070556640625,-0.01316070556640625,0.028961181640625
-0.023681640625,-0.0157928466796875,0.031524658203125
-0.023681640625,-0.0157928466796875,0.031524658203125
-0.0157928466796875,-0.01316070556640625,0.020965576171875
-0.010528564453125,-0.00789642333984375,0.0288848876953125
0.02105712890625,0.0052642822265625,0.039520263671875
0.00263214111328125,0.010528564453125,0.05804443359375
0.00263214111328125,0.0157928466796875,0.07122802734375
0.00263214111328125,0.034210205078125,0.0684814453125
-0.0052642822265625,0.02105712890625,0.055328369140625
-0.0184173583984375,0.00789642333984375,0.01050567626953125
-0.0184173583984375,0.01316070556640625,0.01050567626953125
-0.010528564453125,0.01316070556640625,0.0341796875
0.00263214111328125,0.02105712890625,0.052734375
0.00263214111328125,0.02105712890625,0.07110595703125
0.0,0.01316070556640625,0.028900146484375
0.0157928466796875,0.01316070556640625,0.0236663818359375
0.02105712890625,0.01316070556640625,0.020965576171875
0.0289459228515625,0.023681640625,0.0235748291015625
0.010528564453125,0.031585693359375,0.049957275390625
0.010528564453125,0.023681640625,0.0289764404296875
0.010528564453125,0.0184173583984375,0.0289764404296875
0.010528564453125,0.0157928466796875,0.03680419921875
0.010528564453125,0.01316070556640625,0.0236358642578125
0.02105712890625,0.023681640625,0.0235443115234375
0.02105712890625,0.0184173583984375,0.0235443115234375
0.02105712890625,0.0184173583984375,0.039459228515625
0.0263214111328125,0.034210205078125,0.0394287109375
0.0263214111328125,0.0289459228515625,0.03936767578125
0.034210205078125,0.0289459228515625,0.05792236328125
0.036834716796875,0.039459228515625,0.034088134765625
0.036834716796875,0.034210205078125,0.036773681640625
0.0289459228515625,0.034210205078125,0.036773681640625
0.036834716796875,0.060516357421875,0.044708251953125
0.02105712890625,0.04998779296875,0.042022705078125
0.0184173583984375,0.039459228515625,0.023681640625
0.02105712890625,0.039459228515625,0.018310546875
0.0289459228515625,0.04473876953125,0.0209197998046875
0.010528564453125,0.0421142578125,0.0209197998046875
0.0052642822265625,0.034210205078125,0.015716552734375
-0.00789642333984375,0.031585693359375,0.010498046875
-0.00789642333984375,0.031585693359375,-0.002765655517578125
0.0052642822265625,0.010528564453125,-0.00797271728515625
0.0052642822265625,0.0184173583984375,0.002552032470703125
0.0,0.010528564453125,-6.079673767089844e-06
-0.01316070556640625,-0.00789642333984375,-0.01849365234375
0.00263214111328125,-0.00789642333984375,-0.01055145263671875
-0.023681640625,-0.00789642333984375,0.00247955322265625
-0.0184173583984375,-0.02105712890625,0.00247955322265625
-0.010528564453125,-0.010528564453125,0.0130615234375
0.00789642333984375,-0.010528564453125,0.0236358642578125
-0.00263214111328125,-0.010528564453125,0.031463623046875
-0.00263214111328125,0.00263214111328125,0.04217529296875
0.0184173583984375,0.00789642333984375,0.044769287109375
0.0289459228515625,0.01316070556640625,0.034149169921875
0.0289459228515625,0.0157928466796875,0.03155517578125
0.034210205078125,0.0263214111328125,0.0261688232421875
0.0421142578125,0.039459228515625,0.031463623046875
0.0421142578125,0.036834716796875,0.031463623046875
0.0184173583984375,0.034210205078125,0.039459228515625
0.010528564453125,0.0289459228515625,0.01044464111328125
0.01316070556640625,0.023681640625,0.007778167724609375
0.0184173583984375,0.023681640625,-0.015960693359375
0.02105712890625,0.02105712890625,-0.015960693359375
0.0052642822265625,0.0157928466796875,-0.0186309814453125
0.00263214111328125,0.0289459228515625,-0.0237884521484375
0.0,0.0157928466796875,-0.036956787109375
-0.0052642822265625,0.0157928466796875,-0.0528564453125
-0.01316070556640625,0.0157928466796875,-0.055389404296875
0.0,0.023681640625,-0.050262451171875
-0.00263214111328125,0.031585693359375,-0.050262451171875
-0.01316070556640625,0.02105712890625,-0.042388916015625
-0.031585693359375,0.02105712890625,-0.052764892578125
-0.00789642333984375,0.00789642333984375,-0.063232421875
-0.00789642333984375,0.0263214111328125,-0.063232421875
-0.010528564453125,0.0421142578125,-0.0343017578125
-0.010528564453125,0.04473876953125,-0.031646728515625
-0.0157928466796875,0.04473876953125,-0.04229736328125
-0.0052642822265625,0.04736328125,-0.0290069580078125
-0.00789642333984375,0.04736328125,-0.005443572998046875
-0.034210205078125,0.034210205078125,-0.0184478759765625
-0.0157928466796875,0.034210205078125,-0.044891357421875
-0.010528564453125,0.04473876953125,-0.01861572265625
-0.02105712890625,0.034210205078125,-0.0079498291015625
-0.02105712890625,0.031585693359375,-0.005252838134765625
-0.02105712890625,0.036834716796875,0.0
-0.02105712890625,0.04473876953125,0.00787353515625
-0.00789642333984375,0.04473876953125,0.00786590576171875
0.01316070556640625,0.0421142578125,-7.88569450378418e-05
0.01316070556640625,0.04998779296875,0.013214111328125
0.010528564453125,0.057891845703125,0.015655517578125
0.010528564453125,0.057891845703125,0.0182647705078125
-0.00789642333984375,0.04736328125,0.028961181640625
0.010528564453125,0.057891845703125,0.0209197998046875
0.023681640625,0.055267333984375,0.028839111328125
0.023681640625,0.04998779296875,0.015655517578125
0.00263214111328125,0.0421142578125,0.015655517578125
0.031585693359375,0.0421142578125,0.044677734375
0.010528564453125,0.0289459228515625,0.047454833984375
0.010528564453125,0.031585693359375,0.039459228515625
0.0289459228515625,0.036834716796875,0.05255126953125
0.034210205078125,0.0289459228515625,0.05255126953125
0.031585693359375,0.0263214111328125,0.049957275390625
0.0184173583984375,0.0263214111328125,0.060546875
0.04998779296875,0.0421142578125,0.1080322265625
0.04998779296875,0.04998779296875,0.1080322265625
0.023681640625,0.031585693359375,0.06329345703125
0.02105712890625,0.034210205078125,0.047332763671875
0.02105712890625,0.023681640625,0.0235443115234375
0.0,0.02105712890625,0.015777587890625
-0.00263214111328125,0.01316070556640625,0.01837158203125
-0.01316070556640625,0.0,3.641843795776367e-05
-0.01316070556640625,-0.0184173583984375,-0.00269317626953125
-0.010528564453125,-0.0157928466796875,-0.0158843994140625
0.00263214111328125,-0.00789642333984375,-0.02130126953125
-0.0052642822265625,-0.034210205078125,-0.02130126953125
-0.023681640625,-0.04736328125,-0.04486083984375
-0.0184173583984375,-0.04473876953125,-0.021148681640625
-0.0184173583984375,-0.060516357421875,-0.044830322265625
-0.0157928466796875,-0.060516357421875,-0.034454345703125
0.00263214111328125,-0.06842041015625,-0.0369873046875
-0.0052642822265625,-0.071044921875,-0.060791015625
-0.0052642822265625,-0.0762939453125,-0.060760498046875
-0.00789642333984375,-0.0762939453125,-0.060760498046875
-0.0263214111328125,-0.08685302734375,-0.04486083984375
-0.02105712890625,-0.08685302734375,-0.04486083984375
-0.00789642333984375,-0.084228515625,-0.060699462890625
0.00263214111328125,-0.084228515625,-0.06866455078125
0.00263214111328125,-0.08685302734375,-0.06866455078125
-0.00789642333984375,-0.07891845703125,-0.036956787109375
-0.023681640625,-0.0762939453125,-0.034271240234375
-0.031585693359375,-0.06842041015625,-0.03173828125
-0.010528564453125,-0.060516357421875,-0.01593017578125
-0.010528564453125,-0.055267333984375,-0.02899169921875
-0.02105712890625,-0.04473876953125,-0.0290985107421875
-0.0263214111328125,-0.04473876953125,-0.0211181640625
-0.0263214111328125,-0.0421142578125,-0.01324462890625
-0.0421142578125,-0.036834716796875,3.641843795776367e-05
-0.055267333984375,-0.036834716796875,-0.0052337646484375
-0.036834716796875,-0.031585693359375,-0.0052337646484375
-0.0184173583984375,-0.023681640625,0.0025959014892578125
-0.0184173583984375,-0.02105712890625,0.0025959014892578125
-0.023681640625,-0.02105712890625,0.010589599609375
-0.02105712890625,-0.0157928466796875,0.03961181640625
-0.010528564453125,-0.00789642333984375,0.055267333984375
-0.010528564453125,-0.00789642333984375,0.052734375
-0.00789642333984375,-0.00263214111328125,0.0236968994140625
0.010528564453125,-0.0157928466796875,0.01042938232421875
-0.0052642822265625,-0.0184173583984375,0.0341796875
0.0157928466796875,-0.00789642333984375,0.055206298828125
0.00789642333984375,-0.023681640625,0.055206298828125
0.0,-0.023681640625,0.050048828125
0.0289459228515625,0.00789642333984375,0.060546875
0.0421142578125,0.01316070556640625,0.04205322265625
0.0657958984375,0.02105712890625,0.06829833984375
0.071044921875,0.034210205078125,0.06829833984375
0.057891845703125,0.036834716796875,0.06573486328125
0.039459228515625,0.0289459228515625,0.06317138671875
0.034210205078125,0.0263214111328125,0.03411865234375
0.0157928466796875,0.0184173583984375,0.01044464111328125
0.02105712890625,0.0184173583984375,0.00244903564453125
0.02105712890625,0.0184173583984375,-0.0001455545425415039
0.0052642822265625,0.0289459228515625,-0.0001455545425415039
0.0,0.0263214111328125,0.010467529296875
-0.0052642822265625,0.023681640625,-0.00798797607421875
-0.0157928466796875,0.023681640625,-0.01068115234375
-0.00789642333984375,0.034210205078125,-0.0211639404296875
-0.00789642333984375,0.036834716796875,-0.0132598876953125
-0.031585693359375,0.031585693359375,-0.0132598876953125
-0.04736328125,0.031585693359375,-0.010498046875
-0.055267333984375,0.036834716796875,-0.01309967041015625
-0.07366943359375,0.039459228515625,-0.0131683349609375
-0.07366943359375,0.023681640625,-0.0236358642578125
-0.071044921875,0.0263214111328125,-0.021087646484375
-0.07366943359375,0.039459228515625,-0.0025768280029296875
-0.07891845703125,0.034210205078125,0.0080108642578125
-0.0947265625,0.0289459228515625,0.00010919570922851562
-0.084228515625,0.036834716796875,0.00017595291137695312
-0.07366943359375,0.0421142578125,-0.015655517578125
-0.071044921875,0.0421142578125,-0.0183868408203125
-0.060516357421875,0.039459228515625,-0.034149169921875
-0.06317138671875,0.034210205078125,-0.0341796875
-0.06842041015625,0.02105712890625,-0.0236663818359375
-0.04736328125,0.0289459228515625,-0.018341064453125
-0.04736328125,0.0289459228515625,-0.0184173583984375
-0.052642822265625,0.0,-0.039520263671875
-0.052642822265625,-0.02105712890625,-0.052825927734375
-0.023681640625,0.00263214111328125,-0.042236328125
-0.0263214111328125,-0.0157928466796875,-0.0447998046875
-0.04473876953125,-0.034210205078125,-0.0447998046875
-0.02105712890625,-0.034210205078125,-0.044921875
-0.0157928466796875,-0.036834716796875,-0.055419921875
-0.0052642822265625,-0.055267333984375,-0.05804443359375
-0.00263214111328125,-0.07366943359375,-0.050201416015625
0.01316070556640625,-0.07366943359375,-0.0396728515625
0.023681640625,-0.0657958984375,-0.005390167236328125
0.023681640625,-0.0657958984375,-0.005451202392578125
0.034210205078125,-0.0762939453125,-0.01068115234375
0.034210205078125,-0.0762939453125,-0.015960693359375
0.023681640625,-0.0762939453125,-0.0160064697265625
0.039459228515625,-0.071044921875,-0.013397216796875
0.034210205078125,-0.060516357421875,-0.00811004638671875
0.0263214111328125,-0.0657958984375,-0.008026123046875
0.034210205078125,-0.057891845703125,-0.00011527538299560547
0.036834716796875,-0.04998779296875,-0.00804901123046875
0.04473876953125,-0.034210205078125,-0.00811004638671875
0.039459228515625,-0.0289459228515625,-0.00811004638671875
0.036834716796875,-0.0263214111328125,-0.005462646484375
0.036834716796875,-0.01316070556640625,-0.005462646484375
0.039459228515625,0.0,-0.02130126953125
0.0289459228515625,0.00263214111328125,-0.018646240234375
0.02105712890625,0.00789642333984375,-0.02386474609375
0.01316070556640625,0.00789642333984375,-0.0396728515625
-0.00263214111328125,0.0052642822265625,-0.0396728515625
-0.0157928466796875,0.00789642333984375,-0.0369873046875
-0.0263214111328125,0.010528564453125,-0.0237884521484375
-0.01316070556640625,0.023681640625,-0.01320648193359375
-0.00789642333984375,0.039459228515625,-0.0158233642578125
-0.0157928466796875,0.04998779296875,-0.0237884521484375
-0.0184173583984375,0.0657958984375,-0.0052947998046875
-0.0289459228515625,0.0657958984375,0.002613067626953125
-0.057891845703125,0.04998779296875,-0.00519561767578125
-0.055267333984375,0.07366943359375,0.029052734375
-0.055267333984375,0.06842041015625,0.0263824462890625
-0.06317138671875,0.0657958984375,0.0264434814453125
-0.055267333984375,0.0762939453125,0.047515869140625
-0.055267333984375,0.09210205078125,0.04754638671875
-0.057891845703125,0.084228515625,0.058074951171875
-0.04736328125,0.07891845703125,0.06597900390625
-0.039459228515625,0.06842041015625,0.06597900390625
-0.0263214111328125,0.0657958984375,0.044830322265625
-0.0263214111328125,0.06317138671875,0.060546875
0.0052642822265625,0.055267333984375,0.0684814453125
0.0052642822265625,0.04473876953125,0.0738525390625
-0.00789642333984375,0.023681640625,0.057952880859375
0.00263214111328125,0.00789642333984375,0.02362060546875
0.0184173583984375,-0.0052642822265625,0.02362060546875
0.039459228515625,-0.0157928466796875,0.018280029296875
0.04473876953125,-0.0289459228515625,0.0103607177734375
0.055267333984375,-0.031585693359375,0.0103607177734375
0.06842041015625,-0.04473876953125,0.023468017578125
0.07366943359375,-0.04998779296875,0.01032257080078125
0.07366943359375,-0.06842041015625,-0.0134429931640625
0.08685302734375,-0.08160400390625,-0.00820159912109375
0.09210205078125,-0.08685302734375,-0.0240325927734375
0.0762939453125,-0.1026611328125,-0.034576416015625
0.0762939453125,-0.0999755859375,-0.029266357421875
0.0762939453125,-0.09735107421875,-0.02398681640625
0.084228515625,-0.0999755859375,-0.026702880859375
0.07366943359375,-0.0999755859375,-0.039794921875
0.0657958984375,-0.08160400390625,-0.042449951171875
0.0657958984375,-0.0762939453125,-0.039764404296875
0.060516357421875,-0.0657958984375,-0.0160369873046875
0.057891845703125,-0.052642822265625,0.0023651123046875
0.057891845703125,-0.01316070556640625,0.0182647705078125
0.0421142578125,-0.01316070556640625,0.013031005859375
0.031585693359375,-0.01316070556640625,0.002468109130859375
0.0157928466796875,0.02105712890625,0.018341064453125
0.0,0.031585693359375,0.0210113525390625
-0.010528564453125,0.0421142578125,0.0210113525390625
-0.0184173583984375,0.04736328125,0.0236968994140625
-0.0157928466796875,0.06842041015625,0.0236663818359375
-0.0184173583984375,0.071044921875,0.0236663818359375
-0.0421142578125,0.0762939453125,0.028961181640625
-0.057891845703125,0.0762939453125,0.031646728515625
-0.057891845703125,0.08160400390625,0.047515869140625
-0.060516357421875,0.084228515625,0.06329345703125
-0.06317138671875,0.084228515625,0.052886962890625
-0.057891845703125,0.09210205078125,0.052886962890625
-0.04998779296875,0.1026611328125,0.0765380859375
-0.04473876953125,0.11053466796875,0.08966064453125
-0.04736328125,0.11053466796875,0.09490966796875
-0.04736328125,0.10791015625,0.08441162109375
-0.039459228515625,0.1131591796875,0.0791015625
-0.0263214111328125,0.11053466796875,0.08172607421875
-0.02105712890625,0.1026611328125,0.0684814453125
-0.0157928466796875,0.1026611328125,0.0684814453125
-0.00263214111328125,0.0999755859375,0.0843505859375
0.0,0.0999755859375,0.07904052734375
0.0263214111328125,0.1026611328125,0.07373046875
0.034210205078125,0.1131591796875,0.0604248046875
0.04998779296875,0.10528564453125,0.049957275390625
0.04736328125,0.1026611328125,0.036712646484375
0.04736328125,0.09210205078125,0.0288238525390625
0.071044921875,0.0894775390625,0.0472412109375
0.07366943359375,0.0762939453125,0.036712646484375
0.07366943359375,0.07366943359375,0.0234527587890625
0.071044921875,0.06842041015625,0.01552581787109375
0.071044921875,0.04998779296875,-0.0002486705780029297
0.071044921875,0.055267333984375,0.004955291748046875
0.06317138671875,0.04736328125,0.01297760009765625
0.060516357421875,0.023681640625,-0.0028858184814453125
0.060516357421875,0.01316070556640625,-0.01082611083984375
0.0657958984375,0.0157928466796875,-0.01080322265625
0.057891845703125,-0.0052642822265625,-0.01345062255859375
0.057891845703125,-0.01316070556640625,-0.0186004638671875
0.052642822265625,-0.02105712890625,-0.0160064697265625
0.039459228515625,-0.031585693359375,-0.0107421875
0.0421142578125,-0.031585693359375,-0.00809478759765625
0.039459228515625,-0.034210205078125,-0.00809478759765625
0.039459228515625,-0.036834716796875,-0.01073455810546875
0.034210205078125,-0.034210205078125,-0.01073455810546875
0.0263214111328125,-0.034210205078125,-0.00537872314453125
0.0184173583984375,-0.0421142578125,-0.00537872314453125
0.00263214111328125,-0.036834716796875,-0.0160064697265625
0.00263214111328125,-0.031585693359375,-0.0290985107421875
0.00263214111328125,-0.034210205078125,-0.034423828125
0.00263214111328125,-0.036834716796875,-0.03173828125
-0.01316070556640625,-0.036834716796875,-0.03692626953125
-0.01316070556640625,-0.031585693359375,-0.02642822265625
-0.02105712890625,-0.0289459228515625,-0.0211334228515625
-0.02105712890625,-0.023681640625,-0.0343017578125
-0.02105712890625,-0.0184173583984375,-0.042205810546875
-0.031585693359375,-0.0263214111328125,-0.03436279296875
-0.0421142578125,-0.02105712890625,-0.03424072265625
-0.04473876953125,-0.02105712890625,-0.034210205078125
-0.0657958984375,-0.0289459228515625,-0.034210205078125
-0.07366943359375,-0.0263214111328125,-0.03155517578125
-0.06317138671875,-0.023681640625,-0.03155517578125
-0.0657958984375,-0.010528564453125,-0.03155517578125
-0.0657958984375,-0.0052642822265625,-0.01312255859375
-0.057891845703125,0.0052642822265625,-0.005176544189453125
-0.07366943359375,0.010528564453125,-0.0131378173828125
-0.08160400390625,0.00789642333984375,-0.010498046875
-0.084228515625,0.0157928466796875,-0.01044464111328125
-0.084228515625,0.0157928466796875,-0.0052032470703125
-0.09735107421875,-0.0052642822265625,-0.0129852294921875
-0.09735107421875,0.00263214111328125,-0.0052337646484375
-0.0762939453125,0.02105712890625,0.007965087890625
-0.0947265625,0.0052642822265625,-0.007724761962890625
-0.084228515625,0.00789642333984375,-0.00257110595703125
-0.0657958984375,0.02105712890625,0.007965087890625
-0.04473876953125,0.031585693359375,0.01055908203125
-0.04473876953125,0.034210205078125,0.0264434814453125
-0.057891845703125,0.0263214111328125,0.0264434814453125
-0.04473876953125,0.02105712890625,0.0237274169921875
-0.034210205078125,0.023681640625,0.03424072265625
-0.0184173583984375,0.023681640625,0.044830322265625
-0.010528564453125,0.010528564453125,0.029022216796875
-0.0052642822265625,0.01316070556640625,0.0289764404296875
0.0157928466796875,0.0157928466796875,0.042144775390625
0.0289459228515625,0.0184173583984375,0.042144775390625
0.034210205078125,0.0157928466796875,0.052581787109375
0.052642822265625,0.01316070556640625,0.047271728515625
0.060516357421875,0.0,0.0419921875
0.06317138671875,-0.00789642333984375,0.052459716796875
0.07891845703125,-0.00263214111328125,0.055206298828125
0.0894775390625,-0.00263214111328125,0.044586181640625
0.071044921875,-0.023681640625,0.039337158203125
0.07366943359375,-0.023681640625,0.039276123046875
0.10528564453125,-0.0157928466796875,0.0550537109375
0.1131591796875,0.00263214111328125,0.057647705078125
0.11053466796875,0.0052642822265625,0.0234222412109375
0.118408203125,0.00789642333984375,0.036651611328125
0.118408203125,0.0184173583984375,0.052398681640625
0.12103271484375,0.0184173583984375,0.03125
0.11578369140625,0.01316070556640625,0.0207366943359375
0.09210205078125,0.010528564453125,-0.00555419921875
0.084228515625,0.00263214111328125,-0.00814056396484375
0.084228515625,0.0052642822265625,-0.01084136962890625
0.084228515625,0.010528564453125,-0.01084136962890625
0.055267333984375,-0.00263214111328125,-0.021331787109375
0.04998779296875,-0.023681640625,-0.0291748046875
0.04998779296875,0.00263214111328125,-0.0239410400390625
0.0263214111328125,-0.0263214111328125,-0.03704833984375
0.023681640625,-0.02105712890625,-0.03704833984375
0.02105712890625,-0.0184173583984375,-0.0107269287109375
0.0157928466796875,-0.0184173583984375,-0.010711669921875
0.00263214111328125,-0.023681640625,-0.0185394287109375
-0.010528564453125,-0.02105712890625,-0.0290679931640625
-0.01316070556640625,-0.0289459228515625,-0.0264434814453125
-0.02105712890625,-0.031585693359375,-0.015838623046875
-0.0157928466796875,-0.0157928466796875,-0.005306243896484375
-0.0157928466796875,-0.01316070556640625,-0.005306243896484375
-0.02105712890625,-0.01316070556640625,-0.0106353759765625
-0.036834716796875,-0.01316070556640625,-0.005275726318359375
-0.036834716796875,-0.0052642822265625,-0.005275726318359375
-0.055267333984375,-0.010528564453125,-0.0158233642578125
-0.060516357421875,0.00263214111328125,-0.007808685302734375
-0.060516357421875,0.00789642333984375,-0.007808685302734375
-0.060516357421875,0.010528564453125,-0.00787353515625
-0.052642822265625,0.023681640625,-0.00787353515625
-0.039459228515625,0.0421142578125,0.00260162353515625
-0.04473876953125,0.04473876953125,0.00260162353515625
-0.060516357421875,0.039459228515625,0.0106201171875
-0.0421142578125,0.039459228515625,0.01323699951171875
-0.023681640625,0.034210205078125,0.0211334228515625
-0.036834716796875,0.0289459228515625,0.0025882720947265625
-0.036834716796875,0.0289459228515625,0.01055908203125
-0.0157928466796875,0.01316070556640625,-0.015869140625
-0.0421142578125,-0.0052642822265625,-0.0290679931640625
-0.0289459228515625,-0.0157928466796875,-0.015838623046875
-0.0184173583984375,-0.0263214111328125,-0.01593017578125
-0.01316070556640625,-0.031585693359375,-0.0290985107421875
0.00789642333984375,-0.034210205078125,-0.034332275390625
0.0289459228515625,-0.034210205078125,-0.0264739990234375
0.02105712890625,-0.04473876953125,-0.034393310546875
0.01316070556640625,-0.07366943359375,-0.034393310546875
0.0421142578125,-0.06317138671875,-0.02130126953125
0.0421142578125,-0.071044921875,-0.04766845703125
0.039459228515625,-0.07366943359375,-0.052978515625
0.036834716796875,-0.0657958984375,-0.06610107421875
0.04998779296875,-0.052642822265625,-0.042388916015625
0.04473876953125,-0.039459228515625,-0.0265655517578125
0.0421142578125,-0.031585693359375,-0.0265655517578125
0.052642822265625,-0.0157928466796875,-0.0186004638671875
0.04736328125,0.00263214111328125,-0.00020623207092285156
0.039459228515625,0.0157928466796875,0.0024623870849609375
0.00789642333984375,0.0184173583984375,0.0024623870849609375
-0.00263214111328125,0.023681640625,0.02099609375
-0.0184173583984375,0.036834716796875,0.021087646484375
-0.0289459228515625,0.039459228515625,0.0131378173828125
-0.031585693359375,0.04473876953125,0.0211181640625
-0.023681640625,0.055267333984375,0.023712158203125
-0.023681640625,0.055267333984375,0.0290374755859375
-0.0184173583984375,0.07366943359375,0.07904052734375
-0.031585693359375,0.07366943359375,0.0765380859375
-0.0263214111328125,0.0762939453125,0.09228515625
-0.010528564453125,0.071044921875,0.09490966796875
-0.01316070556640625,0.0657958984375,0.07110595703125
-0.01316070556640625,0.057891845703125,0.081787109375
-0.00263214111328125,0.04998779296875,0.081787109375
-0.00263214111328125,0.0289459228515625,0.052642822265625
0.00263214111328125,0.02105712890625,0.039459228515625
0.0263214111328125,0.0157928466796875,0.020965576171875
0.0421142578125,0.01316070556640625,0.01032257080078125
0.0762939453125,-0.00263214111328125,-0.00026702880859375
0.07891845703125,-0.00789642333984375,0.005008697509765625
0.09735107421875,-0.0263214111328125,0.002376556396484375
0.09735107421875,-0.0421142578125,-0.029327392578125
0.1131591796875,-0.052642822265625,-0.05560302734375
0.1131591796875,-0.06317138671875,-0.07147216796875
0.10528564453125,-0.0999755859375,-0.08734130859375
0.1131591796875,-0.11053466796875,-0.090087890625
0.0999755859375,-0.11053466796875,-0.097900390625
0.0894775390625,-0.1236572265625,-0.084716796875
0.0894775390625,-0.118408203125,-0.09783935546875
0.0762939453125,-0.118408203125,-0.11883544921875
0.057891845703125,-0.1236572265625,-0.11883544921875
0.04736328125,-0.12890625,-0.10833740234375
0.01316070556640625,-0.1341552734375,-0.09246826171875
-0.0184173583984375,-0.1341552734375,-0.10028076171875
-0.0421142578125,-0.12890625,-0.10028076171875
-0.04736328125,-0.0999755859375,-0.0711669921875
-0.0657958984375,-0.0947265625,-0.07373046875
-0.0762939453125,-0.0657958984375,-0.0552978515625
-0.08160400390625,-0.04998779296875,-0.0157318115234375
-0.0947265625,-0.036834716796875,-0.0051422119140625
-0.1131591796875,-0.02105712890625,0.00016987323760986328
-0.1236572265625,-0.010528564453125,0.01078033447265625
-0.14208984375,0.00263214111328125,0.0160675048828125
-0.1552734375,0.023681640625,0.023956298828125
-0.1552734375,0.04998779296875,0.03192138671875
-0.1710205078125,0.0657958984375,0.034576416015625
-0.1710205078125,0.07891845703125,0.05828857421875
-0.1710205078125,0.09210205078125,0.066162109375
-0.1473388671875,0.10528564453125,0.08209228515625
-0.1473388671875,0.1131591796875,0.06884765625
-0.1341552734375,0.1236572265625,0.0926513671875
-0.1395263671875,0.12103271484375,0.09515380859375
-0.1500244140625,0.118408203125,0.09783935546875
-0.1500244140625,0.11053466796875,0.09246826171875
-0.1263427734375,0.10791015625,0.087158203125
-0.10528564453125,0.1026611328125,0.08984375
-0.08685302734375,0.1026611328125,0.08984375
-0.0657958984375,0.1026611328125,0.100341796875
-0.0421142578125,0.0947265625,0.1160888671875
-0.034210205078125,0.071044921875,0.11077880859375
-0.0184173583984375,0.060516357421875,0.10540771484375
0.01316070556640625,0.071044921875,0.09747314453125
0.0263214111328125,0.04998779296875,0.06842041015625
0.036834716796875,0.04736328125,0.07098388671875
0.06842041015625,0.04736328125,0.0736083984375
0.07891845703125,0.036834716796875,0.0841064453125
0.10528564453125,0.031585693359375,0.0841064453125
0.1236572265625,0.036834716796875,0.07867431640625
0.14208984375,0.0184173583984375,0.04705810546875
0.1473388671875,0.0157928466796875,0.04962158203125
0.1737060546875,0.0157928466796875,0.06817626953125
0.1632080078125,0.023681640625,0.06817626953125
0.1632080078125,0.0157928466796875,0.06817626953125
0.16845703125,0.0184173583984375,0.046966552734375
0.1605224609375,0.0184173583984375,0.0206298828125
0.1605224609375,0.0157928466796875,-0.00836944580078125
0.1500244140625,0.01316070556640625,0.028472900390625
0.1500244140625,0.0184173583984375,0.0233612060546875
0.1341552734375,0.023681640625,0.0154571533203125
0.1236572265625,0.0263214111328125,0.01025390625
0.131591796875,0.036834716796875,0.012786865234375
0.10528564453125,0.039459228515625,-0.0003275871276855469
0.0999755859375,0.052642822265625,-0.00563812255859375
0.0657958984375,0.0421142578125,-0.00023055076599121094
0.04736328125,0.0421142578125,0.0024433135986328125
0.031585693359375,0.04736328125,0.01552581787109375
0.031585693359375,0.04473876953125,0.0235748291015625
0.0157928466796875,0.0421142578125,0.020904541015625
0.0052642822265625,0.036834716796875,0.0157470703125
0.0052642822265625,0.04736328125,0.0184173583984375
-0.00789642333984375,0.057891845703125,0.02374267578125
-0.00789642333984375,0.052642822265625,0.036834716796875
-0.023681640625,0.04736328125,0.036834716796875
-0.02105712890625,0.052642822265625,0.01316070556640625
-0.0263214111328125,0.0289459228515625,-0.01593017578125
-0.034210205078125,0.0052642822265625,-0.04217529296875
-0.034210205078125,0.0052642822265625,-0.026397705078125
-0.039459228515625,-0.00263214111328125,-0.034271240234375
-0.0289459228515625,-0.0263214111328125,-0.034271240234375
-0.010528564453125,-0.0289459228515625,-0.05023193359375
0.031585693359375,-0.0263214111328125,-0.03973388671875
0.031585693359375,-0.04998779296875,-0.044952392578125
0.034210205078125,-0.07366943359375,-0.055450439453125
0.034210205078125,-0.0894775390625,-0.058135986328125
0.034210205078125,-0.0999755859375,-0.0660400390625
0.04998779296875,-0.1131591796875,-0.092529296875
0.04998779296875,-0.12890625,-0.092529296875
0.06317138671875,-0.1368408203125,-0.09771728515625
0.06317138671875,-0.14208984375,-0.09771728515625
0.06317138671875,-0.14208984375,-0.0899658203125
0.071044921875,-0.1341552734375,-0.066162109375
0.060516357421875,-0.12890625,-0.07928466796875
0.04998779296875,-0.118408203125,-0.0819091796875
0.0421142578125,-0.10791015625,-0.09246826171875
0.0421142578125,-0.0999755859375,-0.07672119140625
0.039459228515625,-0.0894775390625,-0.050201416015625
-0.00263214111328125,-0.071044921875,-0.0396728515625
-0.00263214111328125,-0.04473876953125,-0.03173828125
-0.0184173583984375,-0.0184173583984375,-0.01061248779296875
-0.031585693359375,0.0,-0.039520263671875
-0.06317138671875,0.0184173583984375,-0.0684814453125
-0.071044921875,0.034210205078125,-0.04736328125
-0.0894775390625,0.055267333984375,-0.01312255859375
-0.10528564453125,0.07366943359375,0.01334381103515625
-0.10528564453125,0.09210205078125,0.0239715576171875
-0.0999755859375,0.1026611328125,0.039703369140625
-0.1131591796875,0.12890625,0.002838134765625
-0.11578369140625,0.1236572265625,0.002838134765625
-0.12890625,0.1236572265625,0.03173828125
-0.1368408203125,0.1263427734375,0.0292510986328125
-0.144775390625,0.1131591796875,0.05828857421875
-0.1341552734375,0.1236572265625,0.05828857421875
-0.1026611328125,0.1236572265625,0.073974609375
-0.0894775390625,0.118408203125,0.06866455078125
-0.07891845703125,0.131591796875,0.094970703125
-0.060516357421875,0.12890625,0.10552978515625
-0.071044921875,0.11578369140625,0.11346435546875
-0.08685302734375,0.10791015625,0.0950927734375
-0.071044921875,0.09735107421875,0.07647705078125
-0.0289459228515625,0.09210205078125,0.0816650390625
-0.0052642822265625,0.09210205078125,0.07391357421875
-0.023681640625,0.0947265625,0.0711669921875
-0.010528564453125,0.09735107421875,0.06854248046875
0.0,0.08160400390625,0.10284423828125
0.0184173583984375,0.0762939453125,0.09222412109375
0.01316070556640625,0.0762939453125,0.08172607421875
0.0263214111328125,0.071044921875,0.044677734375
0.0263214111328125,0.06842041015625,0.05523681640625
0.023681640625,0.06317138671875,0.0657958984375
0.01316070556640625,0.04998779296875,0.06854248046875
0.023681640625,0.04998779296875,0.07635498046875
0.023681640625,0.04998779296875,0.0499267578125
0.023681640625,0.0289459228515625,0.034149169921875
0.04736328125,0.02105712890625,0.034149169921875
0.060516357421875,0.02105712890625,0.039459228515625
0.060516357421875,0.01316070556640625,0.0657958984375
0.04473876953125,0.0,0.0657958984375
0.0263214111328125,-0.01316070556640625,0.039520263671875
0.034210205078125,-0.02105712890625,0.03143310546875
0.0421142578125,-0.023681640625,0.026275634765625
0.0421142578125,-0.0289459228515625,0.0235137939453125
0.036834716796875,-0.039459228515625,0.0235137939453125
0.04473876953125,-0.039459228515625,0.049896240234375
0.06317138671875,-0.010528564453125,0.055206298828125
0.0762939453125,-0.010528564453125,0.05792236328125
0.06317138671875,-0.0263214111328125,0.028778076171875
0.04998779296875,-0.031585693359375,0.028778076171875
0.04998779296875,-0.0184173583984375,0.0341796875
0.0289459228515625,-0.0184173583984375,0.0209503173828125
0.023681640625,-0.0184173583984375,0.036834716796875
0.036834716796875,-0.0184173583984375,0.039398193359375
0.0421142578125,-0.0289459228515625,0.007671356201171875
0.0421142578125,-0.034210205078125,-0.002899169921875
0.04998779296875,-0.034210205078125,-0.002899169921875
0.04998779296875,-0.052642822265625,-0.01593017578125
0.0263214111328125,-0.060516357421875,-0.0265960693359375
0.034210205078125,-0.07891845703125,-0.031829833984375
0.060516357421875,-0.09210205078125,-0.029266357421875
0.08160400390625,-0.11053466796875,-0.050323486328125
0.08160400390625,-0.12890625,-0.06097412109375
0.08685302734375,-0.14208984375,-0.06365966796875
0.12103271484375,-0.152587890625,-0.06634521484375
0.1026611328125,-0.1737060546875,-0.0953369140625
0.10791015625,-0.178955078125,-0.11376953125
0.1236572265625,-0.1815185546875,-0.11639404296875
0.1236572265625,-0.192138671875,-0.137451171875
0.11578369140625,-0.1842041015625,-0.137451171875
0.1131591796875,-0.1842041015625,-0.11383056640625
0.1026611328125,-0.165771484375,-0.11370849609375
0.057891845703125,-0.1368408203125,-0.1190185546875
0.04473876953125,-0.1263427734375,-0.1451416015625
0.010528564453125,-0.0999755859375,-0.1478271484375
-0.02105712890625,-0.071044921875,-0.1478271484375
-0.036834716796875,-0.034210205078125,-0.108154296875
-0.06842041015625,-0.00263214111328125,-0.07379150390625
-0.09210205078125,0.031585693359375,-0.07110595703125
-0.11578369140625,0.08160400390625,-0.0261383056640625
-0.16845703125,0.0999755859375,-0.0155792236328125
-0.1815185546875,0.1131591796875,0.0188140869140625
-0.192138671875,0.1632080078125,0.05584716796875
-0.2342529296875,0.1737060546875,0.06903076171875
-0.247314453125,0.16845703125,0.1165771484375
-0.2420654296875,0.2078857421875,0.129638671875
-0.2210693359375,0.2078857421875,0.1614990234375
-0.226318359375,0.2078857421875,0.161376953125
-0.2078857421875,0.2183837890625,0.1717529296875
-0.1868896484375,0.205322265625,0.1954345703125
-0.1578369140625,0.178955078125,0.1954345703125
-0.12103271484375,0.1578369140625,0.1822509765625
-0.06317138671875,0.11578369140625,0.1715087890625
-0.0157928466796875,0.08685302734375,0.1370849609375
0.0052642822265625,0.034210205078125,0.1239013671875
0.0657958984375,-0.00789642333984375,0.07891845703125
0.0999755859375,-0.055267333984375,0.039215087890625
0.1632080078125,-0.071044921875,0.0153350830078125
0.2105712890625,-0.1131591796875,0.00478363037109375
0.2315673828125,-0.1263427734375,-0.048095703125
0.2447509765625,-0.1605224609375,-0.087646484375
0.23681640625,-0.178955078125,-0.1510009765625
0.2236328125,-0.1868896484375,-0.153564453125
0.213134765625,-0.192138671875,-0.1719970703125
0.2078857421875,-0.1973876953125,-0.1851806640625
0.1842041015625,-0.192138671875,-0.1983642578125
0.1552734375,-0.178955078125,-0.1956787109375
0.1236572265625,-0.1500244140625,-0.1956787109375
0.07891845703125,-0.1368408203125,-0.203369140625
0.055267333984375,-0.10528564453125,-0.203369140625
0.0157928466796875,-0.07891845703125,-0.17431640625
-0.01316070556640625,-0.057891845703125,-0.150390625
-0.08685302734375,-0.02105712890625,-0.1318359375
-0.1395263671875,0.0052642822265625,-0.11578369140625
-0.1710205078125,0.01316070556640625,-0.10791015625
-0.213134765625,0.057891845703125,-0.06024169921875
-0.2315673828125,0.08160400390625,-0.01541900634765625
-0.2447509765625,0.1026611328125,0.0189971923828125
-0.22900390625,0.1341552734375,0.034698486328125
-0.281494140625,0.12890625,0.02166748046875
-0.281494140625,0.1263427734375,0.034820556640625
-0.27099609375,0.1473388671875,0.06390380859375
-0.273681640625,0.1368408203125,0.07958984375
-0.268310546875,0.11053466796875,0.07965087890625
-0.2315673828125,0.10528564453125,0.07427978515625
-0.2105712890625,0.084228515625,0.050506591796875
-0.1868896484375,0.057891845703125,0.047760009765625
-0.1500244140625,0.0157928466796875,0.039825439453125
-0.09735107421875,-0.01316070556640625,0.044952392578125
-0.06842041015625,-0.031585693359375,0.01058197021484375
-0.0289459228515625,-0.055267333984375,-0.00786590576171875
-0.0052642822265625,-0.08160400390625,-0.0290985107421875
0.023681640625,-0.0999755859375,-0.06341552734375
0.055267333984375,-0.131591796875,-0.0635986328125
0.06842041015625,-0.1395263671875,-0.06884765625
0.06842041015625,-0.14208984375,-0.07672119140625
0.08160400390625,-0.1632080078125,-0.07672119140625
0.0947265625,-0.1500244140625,-0.07672119140625
0.1026611328125,-0.1395263671875,-0.07147216796875
0.118408203125,-0.118408203125,-0.047760009765625
0.09210205078125,-0.0947265625,-0.050384521484375
0.07891845703125,-0.0762939453125,-0.01080322265625
0.0762939453125,-0.04998779296875,0.0077362060546875
0.039459228515625,-0.0157928466796875,0.0182952880859375
0.039459228515625,0.010528564453125,0.055206298828125
0.00263214111328125,0.023681640625,0.04205322265625
-0.04473876953125,0.055267333984375,0.039581298828125
-0.057891845703125,0.08685302734375,0.047515869140625
-0.084228515625,0.1263427734375,0.087158203125
-0.09210205078125,0.1605224609375,0.1241455078125
-0.11053466796875,0.1842041015625,0.1241455078125
-0.09735107421875,0.2158203125,0.145263671875
-0.12103271484375,0.2315673828125,0.1505126953125
-0.131591796875,0.2420654296875,0.171630859375
-0.1341552734375,0.25537109375,0.171630859375
-0.14208984375,0.25,0.1849365234375
-0.1131591796875,0.260498046875,0.2005615234375
-0.0947265625,0.260498046875,0.2216796875
-0.09210205078125,0.23681640625,0.2216796875
-0.08685302734375,0.22900390625,0.2216796875
-0.036834716796875,0.205322265625,0.200439453125
-0.031585693359375,0.1737060546875,0.19775390625
-0.00263214111328125,0.1368408203125,0.139892578125
0.04998779296875,0.084228515625,0.1370849609375
0.07366943359375,0.052642822265625,0.1077880859375
0.11053466796875,0.0,0.09722900390625
0.144775390625,-0.04473876953125,0.039154052734375
0.1973876953125,-0.0762939453125,0.025787353515625
0.22900390625,-0.118408203125,0.02313232421875
0.2578125,-0.144775390625,-0.0191497802734375
0.2841796875,-0.1737060546875,-0.040130615234375
0.28955078125,-0.199951171875,-0.0667724609375
0.281494140625,-0.2078857421875,-0.1063232421875
0.252685546875,-0.213134765625,-0.132568359375
0.2342529296875,-0.2105712890625,-0.1297607421875
0.2078857421875,-0.205322265625,-0.1298828125
0.1947021484375,-0.16845703125,-0.11407470703125
0.1947021484375,-0.1605224609375,-0.10064697265625
0.1263427734375,-0.1341552734375,-0.10064697265625
0.1026611328125,-0.1236572265625,-0.09527587890625
0.055267333984375,-0.10791015625,-0.045074462890625
0.023681640625,-0.0762939453125,-0.045013427734375
-0.0052642822265625,-0.055267333984375,-0.042205810546875
-0.039459228515625,-0.0421142578125,-0.0289459228515625
-0.0657958984375,-0.0263214111328125,-0.0157318115234375
-0.06842041015625,-0.01316070556640625,0.010589599609375
-0.06842041015625,-0.0052642822265625,0.060699462890625
-0.07891845703125,0.0,0.0792236328125
-0.0762939453125,-0.00789642333984375,0.0845947265625
-0.0657958984375,-0.00789642333984375,0.0712890625
-0.0657958984375,-0.0263214111328125,0.04229736328125
-0.07366943359375,-0.060516357421875,0.03436279296875
-0.0421142578125,-0.04998779296875,0.029052734375
-0.036834716796875,-0.0657958984375,0.0238037109375
-0.036834716796875,-0.071044921875,0.0238037109375
-0.02105712890625,-0.060516357421875,0.026336669921875
-0.00263214111328125,-0.08160400390625,0.01568603515625
0.0052642822265625,-0.08160400390625,-0.0237884521484375
0.0,-0.084228515625,-0.029205322265625
0.0,-0.07366943359375,-0.0291595458984375
0.00263214111328125,-0.06317138671875,-0.01328277587890625
0.00263214111328125,-0.06317138671875,-0.0290374755859375
-0.00263214111328125,-0.071044921875,-0.042205810546875
0.0,-0.06317138671875,-0.052886962890625
0.0,-0.06317138671875,-0.05548095703125
0.00263214111328125,-0.04998779296875,-0.060760498046875
0.00263214111328125,-0.055267333984375,-0.05810546875
0.00789642333984375,-0.060516357421875,-0.04229736328125
0.0289459228515625,-0.0657958984375,-0.06610107421875
0.034210205078125,-0.06842041015625,-0.06878662109375
0.052642822265625,-0.0762939453125,-0.06878662109375
0.060516357421875,-0.0762939453125,-0.079345703125
0.060516357421875,-0.08160400390625,-0.08197021484375
0.0657958984375,-0.11053466796875,-0.0926513671875
0.0762939453125,-0.1131591796875,-0.11895751953125
0.08685302734375,-0.118408203125,-0.126953125
0.1026611328125,-0.11578369140625,-0.1295166015625
0.11053466796875,-0.11578369140625,-0.1427001953125
0.09210205078125,-0.1236572265625,-0.1427001953125
0.0894775390625,-0.1026611328125,-0.1453857421875
0.071044921875,-0.10791015625,-0.1505126953125
0.071044921875,-0.08685302734375,-0.1505126953125
0.039459228515625,-0.07366943359375,-0.16650390625
0.0,-0.057891845703125,-0.1689453125
-0.00789642333984375,-0.036834716796875,-0.13720703125
-0.031585693359375,-0.0184173583984375,-0.12127685546875
-0.0947265625,-0.0263214111328125,-0.131591796875
-0.12890625,0.010528564453125,-0.11578369140625
-0.165771484375,0.034210205078125,-0.06561279296875
-0.1973876953125,0.0657958984375,-0.033905029296875
-0.213134765625,0.10528564453125,0.005718231201171875
-0.2420654296875,0.1395263671875,0.05316162109375
-0.2919921875,0.152587890625,0.0665283203125
-0.30517578125,0.189453125,0.1060791015625
-0.32373046875,0.213134765625,0.1298828125
-0.33154296875,0.2183837890625,0.1536865234375
-0.3369140625,0.2342529296875,0.1932373046875
-0.33935546875,0.2342529296875,0.21435546875
-0.328857421875,0.22900390625,0.224853515625
-0.281494140625,0.2342529296875,0.2275390625
-0.260498046875,0.2315673828125,0.23779296875
-0.226318359375,0.1973876953125,0.2352294921875
-0.1868896484375,0.1605224609375,0.195556640625
-0.1341552734375,0.118408203125,0.16650390625
-0.0894775390625,0.07891845703125,0.134765625
-0.034210205078125,0.031585693359375,0.0975341796875
0.0184173583984375,-0.0157928466796875,0.05780029296875
0.0762939453125,-0.0289459228515625,0.04986572265625
0.118408203125,-0.06317138671875,0.0207366943359375
0.1552734375,-0.084228515625,-0.00835418701171875
0.1552734375,-0.09735107421875,-0.047943115234375
0.1632080078125,-0.09735107421875,-0.082275390625
0.16845703125,-0.0947265625,-0.09014892578125
0.1632080078125,-0.0894775390625,-0.0927734375
0.144775390625,-0.08160400390625,-0.09539794921875
0.1131591796875,-0.04998779296875,-0.08740234375
0.09735107421875,-0.031585693359375,-0.08209228515625
0.060516357421875,-0.0157928466796875,-0.0318603515625
0.052642822265625,0.00789642333984375,-0.0265960693359375
0.034210205078125,0.031585693359375,-0.018585205078125
0.034210205078125,0.04998779296875,0.0289154052734375
0.010528564453125,0.04473876953125,0.0263519287109375
-0.02105712890625,0.0289459228515625,0.03155517578125
-0.00789642333984375,0.039459228515625,0.03692626953125
-0.010528564453125,0.01316070556640625,0.031585693359375
-0.0052642822265625,-0.00789642333984375,0.01568603515625
0.0263214111328125,-0.01316070556640625,0.01568603515625
0.039459228515625,-0.031585693359375,0.0024738311767578125
0.04736328125,-0.071044921875,-0.031768798828125
0.06842041015625,-0.08685302734375,-0.031768798828125
0.084228515625,-0.09210205078125,-0.029296875
0.1236572265625,-0.09210205078125,-0.029296875
0.1236572265625,-0.0947265625,-0.029388427734375
0.1236572265625,-0.0947265625,-0.05841064453125
0.1131591796875,-0.09210205078125,-0.04779052734375
0.09735107421875,-0.09210205078125,-0.05047607421875
0.071044921875,-0.08160400390625,-0.04510498046875
0.0657958984375,-0.07366943359375,-0.0372314453125
0.04736328125,-0.057891845703125,-0.0372314453125
0.04736328125,-0.031585693359375,-0.0186004638671875
0.0157928466796875,-0.0289459228515625,-0.01325225830078125
0.0157928466796875,0.0,0.0025043487548828125
0.0,0.0,0.020965576171875
0.010528564453125,0.00263214111328125,0.0289459228515625
0.0184173583984375,0.00789642333984375,0.04205322265625
0.01316070556640625,0.00263214111328125,0.023651123046875
0.036834716796875,-0.0184173583984375,0.023651123046875
0.055267333984375,-0.023681640625,0.03143310546875
0.06317138671875,-0.0421142578125,0.0419921875
0.09210205078125,-0.0657958984375,0.036590576171875
0.118408203125,-0.0894775390625,0.0128936767578125
0.12103271484375,-0.1131591796875,-0.0214691162109375
0.1395263671875,-0.1263427734375,-0.03997802734375
0.1395263671875,-0.1368408203125,-0.05841064453125
0.1552734375,-0.1552734375,-0.06640625
0.144775390625,-0.1552734375,-0.0821533203125
0.1341552734375,-0.1710205078125,-0.10333251953125
0.0894775390625,-0.1842041015625,-0.150634765625
0.084228515625,-0.165771484375,-0.142822265625
0.0657958984375,-0.16845703125,-0.1427001953125
0.0421142578125,-0.1605224609375,-0.1373291015625
0.0289459228515625,-0.10528564453125,-0.132080078125
-0.01316070556640625,-0.06842041015625,-0.139892578125
-0.052642822265625,-0.0421142578125,-0.129150390625
-0.1026611328125,-0.0184173583984375,-0.121337890625
-0.1500244140625,0.00263214111328125,-0.084228515625
-0.178955078125,0.036834716796875,-0.04193115234375
-0.2210693359375,0.07891845703125,-0.01012420654296875
-0.252685546875,0.11578369140625,0.0215911865234375
-0.286865234375,0.152587890625,0.07177734375
-0.328857421875,0.189453125,0.106201171875
-0.35009765625,0.239501953125,0.132568359375
-0.373779296875,0.27099609375,0.1827392578125
-0.39208984375,0.29736328125,0.2144775390625
-0.39208984375,0.3369140625,0.2408447265625
-0.38427734375,0.33935546875,0.2724609375
-0.36572265625,0.342041015625,0.2802734375
-0.3525390625,0.33935546875,0.296142578125
-0.29736328125,0.30517578125,0.309326171875
-0.26318359375,0.27099609375,0.272216796875
-0.1632080078125,0.2315673828125,0.24560546875
-0.12103271484375,0.17626953125,0.2032470703125
-0.04473876953125,0.0947265625,0.1610107421875
0.034210205078125,0.00263214111328125,0.10272216796875
0.14208984375,-0.0657958984375,0.0233306884765625
0.213134765625,-0.1341552734375,-0.045440673828125
0.294677734375,-0.205322265625,-0.11669921875
0.33154296875,-0.2578125,-0.185546875
0.363037109375,-0.307861328125,-0.24365234375
0.37890625,-0.3447265625,-0.291015625
0.38427734375,-0.355224609375,-0.3017578125
0.38427734375,-0.35009765625,-0.3017578125
0.368408203125,-0.360595703125,-0.3173828125
0.35009765625,-0.3525390625,-0.320068359375
0.300048828125,-0.32373046875,-0.306884765625
0.260498046875,-0.29736328125,-0.285400390625
0.23681640625,-0.273681640625,-0.232666015625
0.189453125,-0.2183837890625,-0.169189453125
0.14208984375,-0.16845703125,-0.156005859375
0.07891845703125,-0.11578369140625,-0.11895751953125
-0.00263214111328125,-0.07366943359375,-0.09765625
-0.039459228515625,-0.036834716796875,-0.050079345703125
-0.0999755859375,0.0157928466796875,-0.0024929046630859375
-0.118408203125,0.06842041015625,0.05029296875
-0.1632080078125,0.12103271484375,0.07421875
-0.20263671875,0.16845703125,0.12432861328125
-0.226318359375,0.199951171875,0.148193359375
-0.2420654296875,0.226318359375,0.1798095703125
-0.2578125,0.239501953125,0.1798095703125
-0.26318359375,0.252685546875,0.1929931640625
-0.25537109375,0.26318359375,0.216796875
-0.25537109375,0.2578125,0.214111328125
-0.2183837890625,0.23681640625,0.21142578125
-0.192138671875,0.2236328125,0.203369140625
-0.165771484375,0.1842041015625,0.19287109375
-0.11578369140625,0.1578369140625,0.1796875
-0.0762939453125,0.12103271484375,0.139892578125
-0.039459228515625,0.084228515625,0.08966064453125
0.0052642822265625,0.010528564453125,0.03155517578125
0.04998779296875,-0.036834716796875,0.01044464111328125
0.084228515625,-0.07891845703125,-0.032012939453125
0.12103271484375,-0.1236572265625,-0.06103515625
0.1578369140625,-0.1632080078125,-0.0980224609375
0.1973876953125,-0.1815185546875,-0.1060791015625
0.1973876953125,-0.20263671875,-0.148193359375
0.199951171875,-0.213134765625,-0.166748046875
0.213134765625,-0.199951171875,-0.1851806640625
0.1868896484375,-0.205322265625,-0.1903076171875
0.1341552734375,-0.2342529296875,-0.221923828125
0.1341552734375,-0.199951171875,-0.195556640625
0.1263427734375,-0.189453125,-0.1771240234375
0.060516357421875,-0.1710205078125,-0.1689453125
0.036834716796875,-0.1236572265625,-0.1478271484375
-0.0052642822265625,-0.09735107421875,-0.1397705078125
-0.055267333984375,-0.057891845703125,-0.113525390625
-0.08160400390625,-0.031585693359375,-0.05535888671875
-0.1131591796875,0.0157928466796875,-0.0262603759765625
-0.165771484375,0.04473876953125,-0.0075836181640625
-0.192138671875,0.0894775390625,0.0188140869140625
-0.2210693359375,0.11578369140625,0.055816650390625
-0.2315673828125,0.1395263671875,0.11383056640625
-0.260498046875,0.165771484375,0.1165771484375
-0.27099609375,0.1815185546875,0.1455078125
-0.281494140625,0.199951171875,0.1614990234375
-0.265869140625,0.2078857421875,0.1719970703125
-0.239501953125,0.213134765625,0.200927734375
-0.2342529296875,0.2078857421875,0.21142578125
-0.213134765625,0.189453125,0.200927734375
-0.17626953125,0.17626953125,0.2060546875
-0.1473388671875,0.1605224609375,0.19287109375
-0.1131591796875,0.1263427734375,0.1741943359375
-0.06317138671875,0.10528564453125,0.16357421875
-0.0184173583984375,0.071044921875,0.1318359375
0.031585693359375,0.0421142578125,0.11590576171875
0.06842041015625,0.0263214111328125,0.08673095703125
0.1131591796875,-0.0157928466796875,0.047119140625
0.1632080078125,-0.04473876953125,0.03656005859375
0.1737060546875,-0.071044921875,0.0232696533203125
0.1973876953125,-0.0947265625,-0.03741455078125
0.2210693359375,-0.11053466796875,-0.05328369140625
0.2578125,-0.131591796875,-0.07452392578125
0.265869140625,-0.1368408203125,-0.093017578125
0.260498046875,-0.1473388671875,-0.0982666015625
0.25537109375,-0.1815185546875,-0.1168212890625
0.2763671875,-0.1815185546875,-0.1168212890625
0.273681640625,-0.178955078125,-0.1300048828125
0.268310546875,-0.1815185546875,-0.124755859375
0.26318359375,-0.1578369140625,-0.1114501953125
0.25,-0.1473388671875,-0.095703125
0.25,-0.1473388671875,-0.09820556640625
0.1815185546875,-0.14208984375,-0.1297607421875
0.1710205078125,-0.12890625,-0.10858154296875
0.1500244140625,-0.0894775390625,-0.0716552734375
0.1263427734375,-0.060516357421875,-0.0504150390625
0.0894775390625,-0.031585693359375,-0.050262451171875
0.0263214111328125,-0.00789642333984375,-0.050262451171875
0.0,0.023681640625,-0.021209716796875
-0.034210205078125,0.04736328125,-0.021209716796875
-0.071044921875,0.08685302734375,0.0158538818359375
-0.08685302734375,0.1263427734375,0.0423583984375
-0.12103271484375,0.152587890625,0.052978515625
-0.144775390625,0.1710205078125,0.06097412109375
-0.1473388671875,0.178955078125,0.09515380859375
-0.16845703125,0.192138671875,0.09259033203125
-0.1737060546875,0.213134765625,0.09259033203125
-0.1737060546875,0.213134765625,0.1085205078125
-0.165771484375,0.1947021484375,0.12152099609375
-0.1552734375,0.1842041015625,0.1031494140625
-0.1263427734375,0.1552734375,0.07672119140625
-0.0999755859375,0.1131591796875,0.06884765625
-0.084228515625,0.09735107421875,0.05810546875
-0.09210205078125,0.057891845703125,0.0265045166015625
-0.07366943359375,0.0157928466796875,-0.015838623046875
-0.052642822265625,-0.023681640625,-0.0290985107421875
-0.036834716796875,-0.04998779296875,-0.050201416015625
-0.023681640625,-0.057891845703125,-0.094970703125
-0.0052642822265625,-0.07891845703125,-0.1055908203125
0.0,-0.071044921875,-0.08184814453125
0.0,-0.07891845703125,-0.11077880859375
-0.023681640625,-0.0999755859375,-0.11077880859375
-0.023681640625,-0.06842041015625,-0.0765380859375
-0.034210205078125,-0.0657958984375,-0.08441162109375
-0.0263214111328125,-0.034210205078125,-0.0660400390625
-0.036834716796875,-0.00789642333984375,-0.05792236328125
-0.060516357421875,0.0184173583984375,-0.050048828125
-0.08160400390625,0.04473876953125,-0.0157012939453125
-0.08160400390625,0.055267333984375,0.005401611328125
-0.07366943359375,0.0894775390625,0.0238494873046875
-0.07366943359375,0.1026611328125,0.042266845703125
-0.07366943359375,0.1026611328125,0.042266845703125
-0.07366943359375,0.08685302734375,0.037109375
-0.06842041015625,0.07366943359375,0.08441162109375
-0.06842041015625,0.055267333984375,0.0660400390625
-0.034210205078125,0.0421142578125,0.060638427734375
-0.0184173583984375,0.023681640625,0.052703857421875
0.0,0.0,0.052642822265625
0.02105712890625,-0.0184173583984375,0.063232421875
0.04473876953125,-0.0263214111328125,0.0631103515625
0.06317138671875,-0.04998779296875,0.052520751953125
0.0657958984375,-0.0657958984375,0.031463623046875
0.08160400390625,-0.07366943359375,0.0023097991943359375
0.084228515625,-0.08685302734375,-0.02410888671875
0.1026611328125,-0.09210205078125,-0.02410888671875
0.0947265625,-0.09735107421875,-0.0267181396484375
0.084228515625,-0.0947265625,-0.0266571044921875
0.0762939453125,-0.0999755859375,-0.039764404296875
0.0762939453125,-0.08685302734375,-0.039764404296875
0.07891845703125,-0.08160400390625,-0.0662841796875
0.09210205078125,-0.06317138671875,-0.042510986328125
0.0762939453125,-0.04473876953125,-0.037139892578125
0.055267333984375,-0.034210205078125,-0.031951904296875
0.04736328125,-0.04736328125,-0.04229736328125
0.036834716796875,-0.0184173583984375,-0.04229736328125
0.034210205078125,0.0,-0.04510498046875
0.00789642333984375,-0.02105712890625,-0.0633544921875
-0.00789642333984375,-0.01316070556640625,-0.039642333984375
-0.01316070556640625,0.01316070556640625,-0.0238189697265625
-0.0421142578125,0.00263214111328125,-0.00525665283203125
-0.034210205078125,0.0157928466796875,0.010528564453125
-0.034210205078125,0.0289459228515625,0.0236968994140625
-0.0421142578125,0.0263214111328125,0.0236968994140625
-0.055267333984375,0.0184173583984375,3.641843795776367e-05
-0.06842041015625,0.01316070556640625,-0.0052337646484375
-0.060516357421875,0.010528564453125,0.03173828125
-0.06842041015625,0.0052642822265625,0.0238494873046875
-0.08160400390625,-0.0052642822265625,0.01325225830078125
-0.052642822265625,-0.00789642333984375,0.01325225830078125
-0.0289459228515625,-0.010528564453125,0.00787353515625
-0.0263214111328125,-0.010528564453125,0.01312255859375
-0.00789642333984375,-0.0157928466796875,0.034271240234375
0.010528564453125,-0.0184173583984375,0.028900146484375
0.0184173583984375,-0.0263214111328125,0.028900146484375
0.034210205078125,-0.031585693359375,0.018310546875
0.039459228515625,-0.039459228515625,-0.0239105224609375
0.036834716796875,-0.039459228515625,-0.045074462890625
0.0263214111328125,-0.034210205078125,-0.055572509765625
0.02105712890625,-0.034210205078125,-0.039642333984375
0.0,-0.0184173583984375,-0.039642333984375
-0.00789642333984375,0.0,-0.02386474609375
-0.010528564453125,0.010528564453125,-0.039642333984375
-0.02105712890625,0.0289459228515625,-0.0210113525390625
-0.036834716796875,0.039459228515625,0.00012129545211791992
-0.071044921875,0.04473876953125,0.00012129545211791992
-0.0894775390625,0.052642822265625,0.015899658203125
-0.09210205078125,0.052642822265625,0.0396728515625
-0.11578369140625,0.0657958984375,0.0660400390625
-0.1131591796875,0.07366943359375,0.0660400390625
-0.1131591796875,0.07891845703125,0.09503173828125
-0.1026611328125,0.084228515625,0.12139892578125
-0.11053466796875,0.060516357421875,0.12939453125
-0.09210205078125,0.057891845703125,0.1292724609375
-0.060516357421875,0.057891845703125,0.11883544921875
-0.060516357421875,0.01316070556640625,0.081787109375
-0.036834716796875,-0.0052642822265625,0.0765380859375
0.01316070556640625,-0.0184173583984375,0.08172607421875
0.0157928466796875,-0.036834716796875,0.05792236328125
0.057891845703125,-0.07891845703125,0.0472412109375
0.0657958984375,-0.1026611328125,0.007598876953125
0.0999755859375,-0.1341552734375,-0.0029468536376953125
0.131591796875,-0.1500244140625,-0.026763916015625
0.1578369140625,-0.1737060546875,-0.055877685546875
0.1710205078125,-0.20263671875,-0.09014892578125
0.1473388671875,-0.226318359375,-0.13232421875
0.1632080078125,-0.2420654296875,-0.1429443359375
0.1737060546875,-0.27099609375,-0.1507568359375
0.1737060546875,-0.286865234375,-0.214111328125
0.16845703125,-0.294677734375,-0.235107421875
0.14208984375,-0.300048828125,-0.266845703125
0.14208984375,-0.302734375,-0.274658203125
0.1341552734375,-0.300048828125,-0.2509765625
0.1341552734375,-0.2919921875,-0.248291015625
0.09210205078125,-0.281494140625,-0.27197265625
0.060516357421875,-0.273681640625,-0.277099609375
0.04473876953125,-0.260498046875,-0.26123046875
-0.010528564453125,-0.2315673828125,-0.255859375
-0.04473876953125,-0.205322265625,-0.24267578125
-0.060516357421875,-0.1868896484375,-0.2135009765625
-0.09735107421875,-0.14208984375,-0.1898193359375
-0.1131591796875,-0.1026611328125,-0.163330078125
-0.1552734375,-0.060516357421875,-0.157958984375
-0.1815185546875,-0.0052642822265625,-0.11834716796875
-0.213134765625,0.039459228515625,-0.07611083984375
-0.2420654296875,0.0894775390625,-0.044342041015625
-0.27099609375,0.1395263671875,-0.020538330078125
-0.32373046875,0.152587890625,-0.020538330078125
-0.328857421875,0.1710205078125,0.0270538330078125
-0.35791015625,0.2447509765625,0.07720947265625
-0.38427734375,0.279052734375,0.10107421875
-0.407958984375,0.313232421875,0.1142578125
-0.402587890625,0.360595703125,0.1907958984375
-0.39990234375,0.389404296875,0.209228515625
-0.3974609375,0.407958984375,0.248779296875
-0.3974609375,0.439453125,0.267333984375
-0.386962890625,0.4580078125,0.306884765625
-0.373779296875,0.468505859375,0.34375
-0.355224609375,0.4736328125,0.3671875
-0.318359375,0.45263671875,0.3671875
-0.29736328125,0.431640625,0.356689453125
-0.2420654296875,0.39990234375,0.359130859375
-0.1632080078125,0.355224609375,0.35888671875
-0.084228515625,0.300048828125,0.345703125
0.0,0.25,0.295166015625
0.0762939453125,0.1632080078125,0.258056640625
0.1395263671875,0.07891845703125,0.1868896484375
0.2236328125,-0.0052642822265625,0.1339111328125
0.347412109375,-0.07366943359375,0.0650634765625
0.37890625,-0.1552734375,-0.0247650146484375
0.436767578125,-0.2210693359375,-0.08551025390625
0.46044921875,-0.260498046875,-0.15673828125
0.489501953125,-0.30517578125,-0.1964111328125
0.49462890625,-0.30517578125,-0.2413330078125
0.489501953125,-0.321044921875,-0.251708984375
0.4580078125,-0.310546875,-0.251708984375
0.434326171875,-0.307861328125,-0.24365234375
0.37890625,-0.273681640625,-0.24365234375
0.302734375,-0.265869140625,-0.23291015625
0.247314453125,-0.2183837890625,-0.21435546875
0.1710205078125,-0.1868896484375,-0.2010498046875
0.1026611328125,-0.118408203125,-0.1429443359375
0.0263214111328125,-0.09210205078125,-0.132080078125
-0.055267333984375,-0.084228515625,-0.07659912109375
-0.12103271484375,0.00263214111328125,-0.052520751953125
-0.1815185546875,0.023681640625,0.00811767578125
-0.2315673828125,0.04736328125,0.061126708984375
-0.25,0.08685302734375,0.06640625
-0.286865234375,0.10528564453125,0.1033935546875
-0.294677734375,0.1263427734375,0.1351318359375
-0.29736328125,0.1263427734375,0.1614990234375
-0.2763671875,0.118408203125,0.1614990234375
-0.2420654296875,0.09210205078125,0.1270751953125
-0.199951171875,0.057891845703125,0.1270751953125
-0.1500244140625,0.01316070556640625,0.12158203125
-0.07366943359375,-0.0263214111328125,0.0924072265625
0.0184173583984375,-0.08685302734375,0.05535888671875
0.084228515625,-0.1473388671875,0.0023212432861328125
0.1395263671875,-0.2105712890625,-0.034698486328125
0.213134765625,-0.2763671875,-0.1007080078125
0.265869140625,-0.3447265625,-0.172119140625
0.29736328125,-0.381591796875,-0.224853515625
0.328857421875,-0.4130859375,-0.2646484375
0.334228515625,-0.431640625,-0.288330078125
0.36572265625,-0.447265625,-0.31494140625
0.36572265625,-0.447265625,-0.338623046875
0.326416015625,-0.431640625,-0.33837890625
0.2919921875,-0.407958984375,-0.309326171875
0.239501953125,-0.363037109375,-0.29345703125
0.189453125,-0.328857421875,-0.2880859375
0.1605224609375,-0.28955078125,-0.2352294921875
0.09735107421875,-0.2342529296875,-0.1876220703125
0.0289459228515625,-0.1578369140625,-0.1610107421875
-0.039459228515625,-0.09735107421875,-0.0975341796875
-0.118408203125,-0.0263214111328125,-0.039306640625
-0.165771484375,0.034210205078125,-0.0207366943359375
-0.2420654296875,0.1341552734375,0.0479736328125
-0.307861328125,0.213134765625,0.09552001953125
-0.381591796875,0.2578125,0.140625
-0.402587890625,0.315673828125,0.2119140625
-0.455322265625,0.3974609375,0.2568359375
-0.5,0.439453125,0.29638671875
-0.515625,0.48681640625,0.33349609375
-0.52392578125,0.52392578125,0.365234375
-0.515625,0.5263671875,0.3994140625
-0.49462890625,0.5341796875,0.41259765625
-0.468505859375,0.53173828125,0.42822265625
-0.4052734375,0.4921875,0.42822265625
-0.3369140625,0.463134765625,0.4228515625
-0.260498046875,0.402587890625,0.3935546875
-0.192138671875,0.32373046875,0.319580078125
-0.1605224609375,0.23681640625,0.266845703125
-0.04736328125,0.1500244140625,0.2242431640625
0.00789642333984375,0.09210205078125,0.158203125
0.0657958984375,0.04473876953125,0.08941650390625
0.118408203125,-0.00789642333984375,0.055084228515625
0.178955078125,-0.039459228515625,0.033782958984375
0.199951171875,-0.071044921875,-0.00846099853515625
0.2158203125,-0.09735107421875,-0.034942626953125
0.265869140625,-0.10791015625,-0.042755126953125
0.2763671875,-0.1368408203125,-0.06396484375
0.2578125,-0.1632080078125,-0.0877685546875
0.273681640625,-0.1815185546875,-0.12469482421875
0.28955078125,-0.1973876953125,-0.1536865234375
0.30517578125,-0.2236328125,-0.18017578125
0.318359375,-0.252685546875,-0.2197265625
0.33935546875,-0.27099609375,-0.2171630859375
0.33935546875,-0.286865234375,-0.214599609375
0.3447265625,-0.29736328125,-0.2330322265625
0.363037109375,-0.310546875,-0.2357177734375
0.3447265625,-0.33154296875,-0.254150390625
0.328857421875,-0.33154296875,-0.275146484375
0.302734375,-0.313232421875,-0.2408447265625
0.247314453125,-0.318359375,-0.272216796875
0.1868896484375,-0.32373046875,-0.26416015625
0.152587890625,-0.268310546875,-0.240478515625
0.07891845703125,-0.2578125,-0.232421875
0.031585693359375,-0.2183837890625,-0.1741943359375
-0.02105712890625,-0.165771484375,-0.1400146484375
-0.06317138671875,-0.11053466796875,-0.1318359375
-0.1263427734375,-0.07891845703125,-0.09478759765625
-0.1842041015625,-0.04998779296875,-0.06561279296875
-0.2210693359375,-0.0052642822265625,-0.0153350830078125
-0.2763671875,0.04473876953125,0.032196044921875
-0.281494140625,0.08685302734375,0.053375244140625
-0.310546875,0.1263427734375,0.09820556640625
-0.33154296875,0.1605224609375,0.1246337890625
-0.342041015625,0.189453125,0.14306640625
-0.326416015625,0.1973876953125,0.16943359375
-0.318359375,0.213134765625,0.16943359375
-0.307861328125,0.2158203125,0.1826171875
-0.281494140625,0.213134765625,0.17724609375
-0.247314453125,0.192138671875,0.171875
-0.20263671875,0.1737060546875,0.1612548828125
-0.16845703125,0.1552734375,0.1348876953125
-0.10791015625,0.1236572265625,0.11102294921875
-0.0894775390625,0.084228515625,0.07135009765625
-0.02105712890625,0.060516357421875,0.044830322265625
0.0157928466796875,0.039459228515625,0.028900146484375
0.055267333984375,0.0157928466796875,-0.0002002716064453125
0.071044921875,-0.0421142578125,-0.03460693359375
0.09735107421875,-0.0657958984375,-0.08203125
0.12890625,-0.09735107421875,-0.103271484375
0.1473388671875,-0.12103271484375,-0.142822265625
0.1473388671875,-0.144775390625,-0.142822265625
0.1341552734375,-0.165771484375,-0.1429443359375
0.1341552734375,-0.1605224609375,-0.1693115234375
0.1552734375,-0.1500244140625,-0.1824951171875
0.1632080078125,-0.1500244140625,-0.171875
0.1632080078125,-0.1632080078125,-0.156005859375
0.1500244140625,-0.152587890625,-0.1507568359375
0.1236572265625,-0.131591796875,-0.171875
0.0894775390625,-0.1500244140625,-0.1795654296875
0.06842041015625,-0.14208984375,-0.163818359375
0.060516357421875,-0.1236572265625,-0.158447265625
0.031585693359375,-0.131591796875,-0.145263671875
0.00263214111328125,-0.12890625,-0.1583251953125
-0.0184173583984375,-0.11053466796875,-0.1424560546875
-0.034210205078125,-0.0999755859375,-0.1318359375
-0.052642822265625,-0.07891845703125,-0.102783203125
-0.07366943359375,-0.0657958984375,-0.09222412109375
-0.09210205078125,-0.052642822265625,-0.07366943359375
-0.118408203125,-0.036834716796875,-0.055145263671875
-0.144775390625,-0.01316070556640625,-0.01824951171875
-0.1578369140625,0.01316070556640625,-0.007640838623046875
-0.1842041015625,0.031585693359375,0.02935791015625
-0.2078857421875,0.04998779296875,0.037261962890625
-0.2158203125,0.057891845703125,0.058441162109375
-0.213134765625,0.1026611328125,0.12176513671875
-0.213134765625,0.131591796875,0.1455078125
-0.213134765625,0.1500244140625,0.156005859375
-0.2210693359375,0.1632080078125,0.1956787109375
-0.23681640625,0.178955078125,0.1693115234375
-0.23681640625,0.1868896484375,0.174560546875
-0.2315673828125,0.192138671875,0.1824951171875
-0.205322265625,0.192138671875,0.1929931640625
-0.1868896484375,0.189453125,0.1903076171875
-0.1552734375,0.165771484375,0.1903076171875
-0.10791015625,0.14208984375,0.1822509765625
-0.0894775390625,0.1395263671875,0.15576171875
-0.039459228515625,0.11053466796875,0.13720703125
-0.00789642333984375,0.07366943359375,0.115966796875
0.039459228515625,0.0657958984375,0.1053466796875
0.0762939453125,0.04998779296875,0.0736083984375
0.0762939453125,-0.010528564453125,0.031402587890625
0.0947265625,-0.04736328125,-0.00557708740234375
0.131591796875,-0.06842041015625,-0.03729248046875
0.1368408203125,-0.11053466796875,-0.05322265625
0.1737060546875,-0.12890625,-0.045440673828125
0.1815185546875,-0.1578369140625,-0.045440673828125
0.192138671875,-0.178955078125,-0.09539794921875
0.1868896484375,-0.20263671875,-0.103271484375
0.1868896484375,-0.2210693359375,-0.121826171875
0.1947021484375,-0.2210693359375,-0.1217041015625
0.1842041015625,-0.22900390625,-0.1270751953125
0.17626953125,-0.23681640625,-0.13232421875
0.1710205078125,-0.247314453125,-0.1480712890625
0.1710205078125,-0.23681640625,-0.1480712890625
0.1868896484375,-0.226318359375,-0.1588134765625
0.1947021484375,-0.226318359375,-0.1507568359375
0.199951171875,-0.2183837890625,-0.1375732421875
0.1868896484375,-0.20263671875,-0.1348876953125
0.16845703125,-0.199951171875,-0.12176513671875
0.1710205078125,-0.1815185546875,-0.1190185546875
0.1395263671875,-0.17626953125,-0.127197265625
0.1236572265625,-0.1578369140625,-0.148193359375
0.08685302734375,-0.1578369140625,-0.142822265625
0.055267333984375,-0.12890625,-0.150634765625
0.031585693359375,-0.0999755859375,-0.1451416015625
-0.0184173583984375,-0.0762939453125,-0.1214599609375
-0.036834716796875,-0.034210205078125,-0.0870361328125
-0.0762939453125,-0.01316070556640625,-0.076416015625
-0.1236572265625,0.0184173583984375,-0.06036376953125
-0.152587890625,0.055267333984375,-0.0155792236328125
-0.192138671875,0.1131591796875,0.013519287109375
-0.239501953125,0.1395263671875,0.03216552734375
-0.286865234375,0.178955078125,0.0849609375
-0.313232421875,0.1947021484375,0.1273193359375
-0.318359375,0.2342529296875,0.153564453125
-0.33935546875,0.265869140625,0.1668701171875
-0.35791015625,0.2578125,0.1959228515625
-0.334228515625,0.30517578125,0.251220703125
-0.33154296875,0.307861328125,0.25390625
-0.300048828125,0.286865234375,0.2459716796875
-0.26318359375,0.265869140625,0.240478515625
-0.2210693359375,0.2158203125,0.227294921875
-0.16845703125,0.178955078125,0.1849365234375
-0.1026611328125,0.1341552734375,0.142578125
-0.0184173583984375,0.08160400390625,0.11065673828125
0.031585693359375,0.0157928466796875,0.06317138671875
0.0894775390625,-0.04473876953125,0.034027099609375
0.1395263671875,-0.0894775390625,-0.0215301513671875
0.1710205078125,-0.1263427734375,-0.08221435546875
0.192138671875,-0.16845703125,-0.11138916015625
0.2183837890625,-0.1868896484375,-0.1165771484375
0.2183837890625,-0.192138671875,-0.15625
0.189453125,-0.2078857421875,-0.1878662109375
0.1842041015625,-0.2105712890625,-0.2061767578125
0.144775390625,-0.2105712890625,-0.19287109375
0.07891845703125,-0.1868896484375,-0.20068359375
0.04736328125,-0.1605224609375,-0.17431640625
0.01316070556640625,-0.11578369140625,-0.153076171875
-0.04998779296875,-0.07366943359375,-0.134521484375
-0.0999755859375,-0.031585693359375,-0.10009765625
-0.152587890625,0.00263214111328125,-0.07879638671875
-0.1710205078125,0.060516357421875,-0.033935546875
-0.199951171875,0.09735107421875,0.018951416015625
-0.25,0.144775390625,0.06378173828125
-0.281494140625,0.1737060546875,0.09808349609375
-0.28955078125,0.2158203125,0.1192626953125
-0.2919921875,0.22900390625,0.1378173828125
-0.2841796875,0.2342529296875,0.16162109375
-0.265869140625,0.226318359375,0.18505859375
-0.23681640625,0.2210693359375,0.195556640625
-0.17626953125,0.192138671875,0.195556640625
-0.1263427734375,0.12890625,0.171630859375
-0.0947265625,0.057891845703125,0.1109619140625
0.0,-0.00263214111328125,0.06585693359375
0.055267333984375,-0.09210205078125,0.00507354736328125
0.1552734375,-0.152587890625,-0.0215606689453125
0.2447509765625,-0.1973876953125,-0.0638427734375
0.2763671875,-0.268310546875,-0.137939453125
0.334228515625,-0.326416015625,-0.1617431640625
0.386962890625,-0.373779296875,-0.214599609375
0.407958984375,-0.389404296875,-0.259521484375
0.407958984375,-0.41845703125,-0.299072265625
0.402587890625,-0.442138671875,-0.3095703125
0.402587890625,-0.442138671875,-0.312255859375
0.36572265625,-0.428955078125,-0.320068359375
0.328857421875,-0.41845703125,-0.3251953125
0.28955078125,-0.394775390625,-0.314697265625
0.268310546875,-0.35009765625,-0.2880859375
0.1947021484375,-0.302734375,-0.264404296875
0.152587890625,-0.2342529296875,-0.224609375
0.08685302734375,-0.1815185546875,-0.190185546875
0.0184173583984375,-0.1395263671875,-0.1451416015625
-0.0289459228515625,-0.0657958984375,-0.0869140625
-0.11053466796875,0.0,-0.04998779296875
-0.17626953125,0.0657958984375,-0.01551055908203125
-0.25,0.12890625,0.02685546875
-0.326416015625,0.1868896484375,0.06927490234375
-0.394775390625,0.25,0.130126953125
-0.44482421875,0.321044921875,0.1907958984375
-0.4658203125,0.39208984375,0.23583984375
-0.515625,0.449951171875,0.275390625
-0.55810546875,0.489501953125,0.322998046875
-0.58935546875,0.5341796875,0.375732421875
-0.59716796875,0.55810546875,0.412841796875
-0.5947265625,0.576171875,0.447021484375
-0.56298828125,0.576171875,0.47607421875
-0.53955078125,0.544921875,0.473388671875
-0.50537109375,0.48681640625,0.4599609375
-0.39208984375,0.447265625,0.42578125
-0.32373046875,0.33935546875,0.393798828125
-0.213134765625,0.2420654296875,0.340576171875
-0.060516357421875,0.1500244140625,0.26123046875
0.08685302734375,0.039459228515625,0.1685791015625
0.2342529296875,-0.06317138671875,0.09942626953125
0.35009765625,-0.1815185546875,-0.006168365478515625
0.442138671875,-0.268310546875,-0.074951171875
0.5,-0.342041015625,-0.1568603515625
0.56591796875,-0.41845703125,-0.2467041015625
0.5869140625,-0.468505859375,-0.3310546875
0.60546875,-0.47900390625,-0.346923828125
0.6103515625,-0.48681640625,-0.3837890625
0.576171875,-0.489501953125,-0.405029296875
0.515625,-0.47900390625,-0.42333984375
0.48681640625,-0.45263671875,-0.415283203125
0.431640625,-0.42626953125,-0.3916015625
0.381591796875,-0.386962890625,-0.36767578125
0.302734375,-0.3369140625,-0.3515625
0.23681640625,-0.302734375,-0.31201171875
0.1632080078125,-0.268310546875,-0.261474609375
0.1341552734375,-0.247314453125,-0.2139892578125
0.07366943359375,-0.17626953125,-0.15576171875
0.0263214111328125,-0.14208984375,-0.142333984375
-0.04998779296875,-0.118408203125,-0.1160888671875
-0.08160400390625,-0.07891845703125,-0.08685302734375
-0.11578369140625,-0.031585693359375,-0.044647216796875
-0.165771484375,-0.0157928466796875,-0.0418701171875
-0.1710205078125,0.0052642822265625,0.00029730796813964844
-0.213134765625,0.0421142578125,-0.00743865966796875
-0.239501953125,0.06317138671875,0.01355743408203125
-0.2420654296875,0.07891845703125,0.01629638671875
-0.2578125,0.08685302734375,0.024261474609375
-0.26318359375,0.1395263671875,0.037445068359375
-0.286865234375,0.1632080078125,0.05859375
-0.310546875,0.1868896484375,0.074462890625
-0.302734375,0.226318359375,0.0955810546875
-0.313232421875,0.2420654296875,0.12457275390625
-0.313232421875,0.2763671875,0.1351318359375
-0.302734375,0.310546875,0.1800537109375
-0.302734375,0.334228515625,0.208984375
-0.318359375,0.355224609375,0.211669921875
-0.321044921875,0.368408203125,0.211669921875
-0.315673828125,0.38427734375,0.245849609375
-0.29736328125,0.37890625,0.259033203125
-0.281494140625,0.37890625,0.272216796875
-0.252685546875,0.355224609375,0.2802734375
-0.2183837890625,0.326416015625,0.28271484375
-0.1737060546875,0.302734375,0.28515625
-0.1131591796875,0.260498046875,0.27197265625
-0.04998779296875,0.1868896484375,0.248046875
-0.0052642822265625,0.12103271484375,0.174072265625
0.09210205078125,0.052642822265625,0.144775390625
0.2183837890625,-0.023681640625,0.09722900390625
0.279052734375,-0.0894775390625,0.015045166015625
0.386962890625,-0.1395263671875,-0.032684326171875
0.428955078125,-0.213134765625,-0.10125732421875
0.449951171875,-0.273681640625,-0.18310546875
0.5,-0.300048828125,-0.230712890625
0.5419921875,-0.318359375,-0.2254638671875
0.52392578125,-0.3447265625,-0.2861328125
0.4921875,-0.33935546875,-0.336181640625
0.428955078125,-0.3369140625,-0.338623046875
0.368408203125,-0.307861328125,-0.367431640625
0.30517578125,-0.286865234375,-0.35693359375
0.23681640625,-0.226318359375,-0.31982421875
0.1552734375,-0.189453125,-0.272216796875
0.0762939453125,-0.1368408203125,-0.2166748046875
0.00263214111328125,-0.04736328125,-0.1846923828125
-0.09210205078125,-0.010528564453125,-0.11834716796875
-0.1868896484375,0.0263214111328125,-0.06292724609375
-0.2236328125,0.0999755859375,0.0189208984375
-0.2919921875,0.1368408203125,0.045501708984375
-0.33935546875,0.152587890625,0.0850830078125
-0.35009765625,0.199951171875,0.11932373046875
-0.35009765625,0.20263671875,0.164306640625
-0.3447265625,0.1973876953125,0.1748046875
-0.32373046875,0.1868896484375,0.1826171875
-0.2841796875,0.144775390625,0.1826171875
-0.2342529296875,0.1263427734375,0.1798095703125
-0.1737060546875,0.09735107421875,0.142822265625
-0.1131591796875,0.057891845703125,0.1163330078125
-0.084228515625,0.00263214111328125,0.0950927734375
-0.023681640625,-0.04998779296875,0.036895751953125
0.02105712890625,-0.0999755859375,0.0025043487548828125
0.09735107421875,-0.12890625,-0.016143798828125
0.11578369140625,-0.1578369140625,-0.039947509765625
0.1341552734375,-0.16845703125,-0.0980224609375
0.1578369140625,-0.1973876953125,-0.135009765625
0.165771484375,-0.2183837890625,-0.1534423828125
0.16845703125,-0.2183837890625,-0.153564453125
0.165771484375,-0.2183837890625,-0.153564453125
0.1341552734375,-0.213134765625,-0.1666259765625
0.11578369140625,-0.20263671875,-0.1744384765625
0.0894775390625,-0.1947021484375,-0.1585693359375
0.07366943359375,-0.17626953125,-0.145263671875
0.0263214111328125,-0.144775390625,-0.14013671875
-0.00263214111328125,-0.12103271484375,-0.10821533203125
-0.034210205078125,-0.08685302734375,-0.094970703125
-0.071044921875,-0.04473876953125,-0.0711669921875
-0.08685302734375,0.0,-0.020965576171875
-0.1026611328125,0.0421142578125,0.0159759521484375
-0.152587890625,0.084228515625,0.04510498046875
-0.1605224609375,0.131591796875,0.08465576171875
-0.1842041015625,0.178955078125,0.111083984375
-0.213134765625,0.192138671875,0.11907958984375
-0.226318359375,0.23681640625,0.1639404296875
-0.2078857421875,0.27099609375,0.1771240234375
-0.2078857421875,0.2841796875,0.1903076171875
-0.199951171875,0.300048828125,0.203369140625
-0.178955078125,0.321044921875,0.2298583984375
-0.165771484375,0.294677734375,0.229736328125
-0.1473388671875,0.2841796875,0.2086181640625
-0.11578369140625,0.25,0.192626953125
-0.06842041015625,0.205322265625,0.184814453125
-0.0157928466796875,0.1737060546875,0.1766357421875
0.0289459228515625,0.12103271484375,0.1553955078125
0.0894775390625,0.0762939453125,0.105224609375
0.1395263671875,0.02105712890625,0.09442138671875
0.189453125,-0.0263214111328125,0.0390625
0.226318359375,-0.08160400390625,-0.0005397796630859375
0.25,-0.1341552734375,-0.05340576171875
0.281494140625,-0.1632080078125,-0.09039306640625
0.286865234375,-0.2158203125,-0.11419677734375
0.294677734375,-0.2342529296875,-0.1536865234375
0.310546875,-0.260498046875,-0.1776123046875
0.302734375,-0.286865234375,-0.217041015625
0.28955078125,-0.286865234375,-0.2435302734375
0.279052734375,-0.279052734375,-0.259033203125
0.27099609375,-0.27099609375,-0.245849609375
0.226318359375,-0.26318359375,-0.24853515625
0.178955078125,-0.23681640625,-0.245849609375
0.1368408203125,-0.2183837890625,-0.240478515625
0.0999755859375,-0.1868896484375,-0.2244873046875
0.06317138671875,-0.1605224609375,-0.2138671875
0.0,-0.118408203125,-0.1715087890625
-0.039459228515625,-0.06842041015625,-0.1583251953125
-0.0999755859375,-0.039459228515625,-0.12646484375
-0.1368408203125,0.0289459228515625,-0.0841064453125
-0.1815185546875,0.071044921875,-0.04449462890625
-0.247314453125,0.08160400390625,-0.0101165771484375
-0.26318359375,0.10791015625,0.02423095703125
-0.2919921875,0.17626953125,0.087646484375
-0.334228515625,0.189453125,0.114013671875
-0.37890625,0.22900390625,0.13525390625
-0.36572265625,0.2447509765625,0.1563720703125
-0.36572265625,0.2578125,0.164306640625
-0.37109375,0.252685546875,0.1959228515625
-0.360595703125,0.252685546875,0.2091064453125
-0.32373046875,0.23681640625,0.2091064453125
-0.260498046875,0.22900390625,0.2220458984375
-0.2210693359375,0.205322265625,0.1929931640625
-0.1710205078125,0.1710205078125,0.177001953125
-0.0999755859375,0.1552734375,0.1478271484375
-0.031585693359375,0.1026611328125,0.12396240234375
0.031585693359375,0.07891845703125,0.0869140625
0.07366943359375,0.04736328125,0.07086181640625
0.1236572265625,0.023681640625,0.047210693359375
0.1605224609375,0.0052642822265625,0.0179290771484375
0.178955078125,-0.01316070556640625,-0.0005822181701660156
0.178955078125,-0.0184173583984375,-0.042694091796875
0.165771484375,-0.0184173583984375,-0.0189361572265625
0.1737060546875,-0.0052642822265625,-0.0084991455078125
0.1815185546875,0.00789642333984375,-0.0084991455078125
0.1737060546875,0.031585693359375,-0.0401611328125
0.1500244140625,0.031585693359375,-0.03466796875
0.1341552734375,0.031585693359375,-0.029510498046875
0.10791015625,0.04473876953125,0.01027679443359375
0.0947265625,0.0421142578125,0.0182037353515625
0.071044921875,0.02105712890625,0.03131103515625
0.0762939453125,0.02105712890625,0.007568359375
0.1026611328125,0.023681640625,-0.00301361083984375
0.1131591796875,-0.010528564453125,-0.0030498504638671875
0.14208984375,-0.0289459228515625,-0.0030498504638671875
0.1973876953125,-0.04998779296875,0.01532745361328125
0.2078857421875,-0.09210205078125,-0.0295257568359375
0.22900390625,-0.16845703125,-0.061279296875
0.252685546875,-0.1710205078125,-0.10888671875
0.28955078125,-0.2236328125,-0.12469482421875
0.281494140625,-0.25,-0.169677734375
0.281494140625,-0.2578125,-0.1722412109375
0.2763671875,-0.26318359375,-0.185302734375
0.2763671875,-0.265869140625,-0.2275390625
0.260498046875,-0.265869140625,-0.24072265625
0.239501953125,-0.25537109375,-0.251220703125
0.189453125,-0.22900390625,-0.253662109375
0.14208984375,-0.192138671875,-0.221923828125
0.084228515625,-0.1632080078125,-0.1876220703125
0.031585693359375,-0.1236572265625,-0.158203125
-0.04736328125,-0.0657958984375,-0.129150390625
-0.09210205078125,-0.01316070556640625,-0.11328125
-0.17626953125,0.010528564453125,-0.055145263671875
-0.2447509765625,0.0657958984375,-0.0179443359375
-0.279052734375,0.1131591796875,0.048187255859375
-0.360595703125,0.1632080078125,0.07977294921875
-0.407958984375,0.2236328125,0.1485595703125
-0.434326171875,0.286865234375,0.188232421875
-0.46044921875,0.313232421875,0.2490234375
-0.481689453125,0.3525390625,0.278076171875
-0.5,0.3974609375,0.33349609375
-0.50244140625,0.41845703125,0.362548828125
-0.497314453125,0.42626953125,0.402099609375
-0.463134765625,0.431640625,0.41259765625
-0.39990234375,0.423583984375,0.404296875
-0.373779296875,0.39990234375,0.396484375
-0.307861328125,0.368408203125,0.3779296875
-0.2183837890625,0.328857421875,0.351318359375
-0.1368408203125,0.26318359375,0.29833984375
-0.052642822265625,0.192138671875,0.2479248046875
0.0052642822265625,0.10791015625,0.1820068359375
0.118408203125,0.034210205078125,0.1683349609375
0.1815185546875,-0.055267333984375,0.059967041015625
0.273681640625,-0.11578369140625,-0.005924224853515625
0.3369140625,-0.1578369140625,-0.061614990234375
0.376220703125,-0.2420654296875,-0.122314453125
0.407958984375,-0.2841796875,-0.180419921875
0.434326171875,-0.310546875,-0.23583984375
0.442138671875,-0.347412109375,-0.259521484375
0.421142578125,-0.37890625,-0.267578125
0.42626953125,-0.376220703125,-0.275390625
0.4130859375,-0.368408203125,-0.27001953125
0.376220703125,-0.35791015625,-0.275146484375
0.35009765625,-0.3525390625,-0.275146484375
0.29736328125,-0.315673828125,-0.2646484375
0.22900390625,-0.2841796875,-0.251220703125
0.1973876953125,-0.2342529296875,-0.2010498046875
0.1815185546875,-0.1947021484375,-0.148193359375
0.11578369140625,-0.1473388671875,-0.1373291015625
0.04473876953125,-0.0894775390625,-0.09246826171875
-0.02105712890625,-0.04998779296875,-0.076416015625
-0.07891845703125,-0.01316070556640625,-0.0394287109375
-0.131591796875,0.0421142578125,-0.002407073974609375
-0.1605224609375,0.10528564453125,0.060882568359375
-0.1947021484375,0.144775390625,0.084716796875
-0.2210693359375,0.20263671875,0.1351318359375
-0.25537109375,0.226318359375,0.1351318359375
-0.260498046875,0.2447509765625,0.1719970703125
-0.26318359375,0.279052734375,0.216796875
-0.27099609375,0.2919921875,0.22998046875
-0.27099609375,0.279052734375,0.251220703125
-0.25537109375,0.27099609375,0.259033203125
-0.22900390625,0.25,0.2484130859375
-0.178955078125,0.2105712890625,0.2298583984375
-0.1341552734375,0.1578369140625,0.2218017578125
-0.06842041015625,0.12103271484375,0.1978759765625
0.0052642822265625,0.0894775390625,0.14501953125
0.04473876953125,0.02105712890625,0.0947265625
0.11053466796875,-0.04998779296875,0.08685302734375
0.16845703125,-0.0762939453125,0.04180908203125
0.20263671875,-0.131591796875,-0.013702392578125
0.25,-0.178955078125,-0.0243988037109375
0.279052734375,-0.199951171875,-0.08514404296875
0.279052734375,-0.205322265625,-0.11944580078125
0.279052734375,-0.2210693359375,-0.16162109375
0.279052734375,-0.22900390625,-0.1826171875
0.273681640625,-0.2210693359375,-0.201171875
0.2578125,-0.2078857421875,-0.1959228515625
0.2315673828125,-0.1868896484375,-0.1959228515625
0.1947021484375,-0.1710205078125,-0.193115234375
0.152587890625,-0.1395263671875,-0.1666259765625
0.0894775390625,-0.11578369140625,-0.1636962890625
0.01316070556640625,-0.07891845703125,-0.153076171875
-0.01316070556640625,-0.0421142578125,-0.1343994140625
-0.08160400390625,0.010528564453125,-0.08709716796875
-0.11578369140625,0.055267333984375,-0.03143310546875
-0.1605224609375,0.09735107421875,-0.0100860595703125
-0.2236328125,0.1473388671875,0.0241546630859375
-0.265869140625,0.2078857421875,0.0823974609375
-0.310546875,0.2578125,0.09564208984375
-0.326416015625,0.2841796875,0.1484375
-0.35791015625,0.30517578125,0.1907958984375
-0.37890625,0.3447265625,0.217041015625
-0.389404296875,0.355224609375,0.2381591796875
-0.37890625,0.363037109375,0.256591796875
-0.342041015625,0.376220703125,0.25927734375
-0.32373046875,0.37109375,0.277587890625
-0.30517578125,0.3369140625,0.272216796875
-0.247314453125,0.32373046875,0.259033203125
-0.1868896484375,0.27099609375,0.2403564453125
-0.12890625,0.2210693359375,0.224365234375
-0.06842041015625,0.1737060546875,0.1663818359375
0.00263214111328125,0.0762939453125,0.1239013671875
0.0657958984375,-0.0157928466796875,0.041961669921875
0.1710205078125,-0.04998779296875,0.00739288330078125
0.247314453125,-0.09210205078125,-0.04022216796875
0.302734375,-0.1710205078125,-0.10894775390625
0.36572265625,-0.2342529296875,-0.1461181640625
0.4052734375,-0.281494140625,-0.1934814453125
0.44482421875,-0.342041015625,-0.2332763671875
0.449951171875,-0.360595703125,-0.275390625
0.439453125,-0.381591796875,-0.317626953125
0.442138671875,-0.41845703125,-0.328125
0.442138671875,-0.428955078125,-0.328125
0.4052734375,-0.428955078125,-0.351806640625
0.360595703125,-0.423583984375,-0.351806640625
0.342041015625,-0.407958984375,-0.320068359375
0.300048828125,-0.355224609375,-0.27783203125
0.252685546875,-0.32373046875,-0.28271484375
0.165771484375,-0.273681640625,-0.2587890625
0.12890625,-0.226318359375,-0.1929931640625
0.08685302734375,-0.1815185546875,-0.12939453125
-0.0157928466796875,-0.1131591796875,-0.097900390625
-0.036834716796875,-0.055267333984375,-0.052764892578125
-0.1236572265625,0.02105712890625,-0.012939453125
-0.192138671875,0.0762939453125,0.0293426513671875
-0.2447509765625,0.1500244140625,0.08489990234375
-0.294677734375,0.192138671875,0.114013671875
-0.347412109375,0.2578125,0.1640625
-0.37109375,0.300048828125,0.203857421875
-0.402587890625,0.355224609375,0.235595703125
-0.407958984375,0.37890625,0.275146484375
-0.421142578125,0.407958984375,0.291015625
-0.39990234375,0.4130859375,0.306884765625
-0.394775390625,0.415771484375,0.3173828125
-0.363037109375,0.394775390625,0.333251953125
-0.313232421875,0.37890625,0.333251953125
-0.239501953125,0.3525390625,0.322265625
-0.205322265625,0.2763671875,0.274658203125
-0.1395263671875,0.2158203125,0.221923828125
-0.071044921875,0.16845703125,0.187255859375
0.0052642822265625,0.08160400390625,0.1502685546875
0.08160400390625,0.0263214111328125,0.08148193359375
0.1737060546875,-0.0157928466796875,0.047027587890625
0.1973876953125,-0.071044921875,-0.00853729248046875
0.2342529296875,-0.14208984375,-0.055999755859375
0.252685546875,-0.16845703125,-0.132568359375
0.2763671875,-0.1868896484375,-0.1722412109375
0.268310546875,-0.213134765625,-0.1827392578125
0.268310546875,-0.2236328125,-0.1959228515625
0.2447509765625,-0.2210693359375,-0.198486328125
0.2315673828125,-0.20263671875,-0.2037353515625
0.2158203125,-0.189453125,-0.211669921875
0.199951171875,-0.17626953125,-0.1614990234375
0.131591796875,-0.1578369140625,-0.1429443359375
0.11053466796875,-0.144775390625,-0.1058349609375
0.08685302734375,-0.12890625,-0.07415771484375
0.036834716796875,-0.0947265625,-0.045013427734375
0.00789642333984375,-0.06842041015625,-0.04486083984375
-0.02105712890625,-0.057891845703125,-0.023712158203125
-0.055267333984375,-0.04736328125,-0.01050567626953125
-0.08160400390625,-0.04736328125,0.01068115234375
-0.118408203125,-0.057891845703125,0.0292510986328125
-0.144775390625,-0.060516357421875,0.0292510986328125
-0.1710205078125,-0.06842041015625,-0.0023097991943359375
-0.16845703125,-0.0762939453125,0.018829345703125
-0.16845703125,-0.07891845703125,0.018829345703125
-0.1737060546875,-0.0762939453125,0.029327392578125
-0.1737060546875,-0.0762939453125,0.03717041015625
-0.144775390625,-0.055267333984375,0.05047607421875
-0.10528564453125,-0.039459228515625,0.07403564453125
-0.0894775390625,-0.010528564453125,0.050262451171875
-0.039459228515625,0.01316070556640625,0.05548095703125
-0.039459228515625,0.00263214111328125,0.063232421875
-0.010528564453125,0.0,0.055419921875
0.0157928466796875,0.034210205078125,0.06317138671875
0.02105712890625,0.0263214111328125,0.06317138671875
0.034210205078125,0.031585693359375,0.07366943359375
0.052642822265625,0.04473876953125,0.05517578125
0.055267333984375,0.04473876953125,0.05517578125
0.055267333984375,0.04736328125,0.06573486328125
0.04998779296875,0.04473876953125,0.05523681640625
0.04998779296875,0.04998779296875,0.05523681640625
0.06317138671875,0.060516357421875,0.0526123046875
0.04998779296875,0.060516357421875,0.0419921875
0.036834716796875,0.060516357421875,0.042022705078125
0.0289459228515625,0.06842041015625,0.042022705078125
0.0184173583984375,0.06317138671875,0.044708251953125
0.00263214111328125,0.071044921875,0.06317138671875
0.00263214111328125,0.08685302734375,0.06585693359375
0.0052642822265625,0.1131591796875,0.0843505859375
-0.00263214111328125,0.1236572265625,0.09228515625
-0.0052642822265625,0.144775390625,0.10015869140625
-0.0157928466796875,0.1632080078125,0.10546875
-0.0157928466796875,0.178955078125,0.155517578125
-0.023681640625,0.165771484375,0.147705078125
-0.031585693359375,0.178955078125,0.1187744140625
-0.0289459228515625,0.178955078125,0.11077880859375
-0.023681640625,0.165771484375,0.1080322265625
-0.01316070556640625,0.144775390625,0.1080322265625
0.010528564453125,0.131591796875,0.102783203125
0.031585693359375,0.1026611328125,0.084228515625
0.0657958984375,0.0657958984375,0.0472412109375
0.09735107421875,0.04473876953125,0.02606201171875
0.1500244140625,-0.00263214111328125,-0.0161895751953125
0.1578369140625,-0.055267333984375,-0.042633056640625
0.192138671875,-0.11578369140625,-0.0770263671875
0.25,-0.152587890625,-0.08245849609375
0.252685546875,-0.1973876953125,-0.1298828125
0.26318359375,-0.273681640625,-0.1932373046875
0.286865234375,-0.273681640625,-0.2117919921875
0.28955078125,-0.29736328125,-0.24609375
0.273681640625,-0.30517578125,-0.251220703125
0.27099609375,-0.310546875,-0.26171875
0.226318359375,-0.310546875,-0.251220703125
0.20263671875,-0.281494140625,-0.24853515625
0.1737060546875,-0.260498046875,-0.2193603515625
0.10791015625,-0.239501953125,-0.2061767578125
0.0289459228515625,-0.1973876953125,-0.18212890625
0.00789642333984375,-0.14208984375,-0.1478271484375
-0.0762939453125,-0.09735107421875,-0.1265869140625
-0.12103271484375,-0.036834716796875,-0.0789794921875
-0.1842041015625,0.010528564453125,-0.057647705078125
-0.23681640625,0.07366943359375,0.00048542022705078125
-0.279052734375,0.1263427734375,0.05596923828125
-0.318359375,0.178955078125,0.08758544921875
-0.3369140625,0.22900390625,0.13525390625
-0.394775390625,0.2578125,0.161865234375
-0.41845703125,0.2841796875,0.2012939453125
-0.415771484375,0.321044921875,0.23291015625
-0.407958984375,0.33935546875,0.25927734375
-0.39990234375,0.3525390625,0.288330078125
-0.36572265625,0.355224609375,0.30419921875
-0.326416015625,0.33154296875,0.30419921875
-0.2841796875,0.302734375,0.27490234375
-0.2236328125,0.27099609375,0.26953125
-0.1737060546875,0.2183837890625,0.2166748046875
-0.0999755859375,0.1500244140625,0.195556640625
-0.0184173583984375,0.09210205078125,0.1318359375
0.060516357421875,0.0289459228515625,0.08148193359375
0.11053466796875,-0.036834716796875,0.0102081298828125
0.17626953125,-0.0999755859375,-0.0217132568359375
0.2447509765625,-0.144775390625,-0.06121826171875
0.2919921875,-0.189453125,-0.095703125
0.2841796875,-0.2578125,-0.18798828125
0.32373046875,-0.2578125,-0.2012939453125
0.328857421875,-0.260498046875,-0.2144775390625
0.321044921875,-0.2919921875,-0.256591796875
0.302734375,-0.2919921875,-0.2724609375
0.302734375,-0.2763671875,-0.256591796875
0.294677734375,-0.252685546875,-0.2301025390625
0.2420654296875,-0.2315673828125,-0.22216796875
0.1973876953125,-0.205322265625,-0.208984375
0.165771484375,-0.165771484375,-0.174560546875
0.10528564453125,-0.12103271484375,-0.12164306640625
0.039459228515625,-0.06842041015625,-0.100341796875
0.00789642333984375,-0.023681640625,-0.044921875
-0.052642822265625,0.04473876953125,0.01308441162109375
-0.11578369140625,0.07891845703125,0.0238189697265625
-0.165771484375,0.1341552734375,0.07415771484375
-0.2158203125,0.1815185546875,0.1402587890625
-0.252685546875,0.2210693359375,0.1824951171875
-0.279052734375,0.27099609375,0.2274169921875
-0.2919921875,0.313232421875,0.2880859375
-0.302734375,0.347412109375,0.311767578125
-0.294677734375,0.360595703125,0.3408203125
-0.2763671875,0.363037109375,0.356689453125
-0.252685546875,0.347412109375,0.356689453125
-0.199951171875,0.302734375,0.33251953125
-0.118408203125,0.2763671875,0.308837890625
-0.0421142578125,0.205322265625,0.24267578125
0.031585693359375,0.12103271484375,0.168701171875
0.1131591796875,0.052642822265625,0.1368408203125
0.1842041015625,-0.02105712890625,0.09454345703125
0.27099609375,-0.09210205078125,0.049407958984375
0.29736328125,-0.1500244140625,-0.06671142578125
0.33154296875,-0.2158203125,-0.11956787109375
0.35009765625,-0.2578125,-0.16455078125
0.38427734375,-0.279052734375,-0.196044921875
0.389404296875,-0.35009765625,-0.2384033203125
0.355224609375,-0.360595703125,-0.291015625
0.3447265625,-0.35791015625,-0.288330078125
0.300048828125,-0.376220703125,-0.330322265625
0.268310546875,-0.373779296875,-0.3251953125
0.2578125,-0.3525390625,-0.317138671875
0.226318359375,-0.35009765625,-0.259033203125
0.205322265625,-0.328857421875,-0.259033203125
0.17626953125,-0.315673828125,-0.25634765625
0.1263427734375,-0.279052734375,-0.227294921875
0.084228515625,-0.26318359375,-0.1981201171875
0.052642822265625,-0.2420654296875,-0.1768798828125
0.02105712890625,-0.2210693359375,-0.1768798828125
-0.0289459228515625,-0.189453125,-0.1793212890625
-0.055267333984375,-0.1632080078125,-0.1766357421875
-0.11578369140625,-0.14208984375,-0.13427734375
-0.1368408203125,-0.09210205078125,-0.10797119140625
-0.1552734375,-0.055267333984375,-0.06292724609375
-0.2183837890625,-0.010528564453125,-0.06817626953125
-0.239501953125,0.031585693359375,-0.03375244140625
-0.307861328125,0.07366943359375,-0.0074462890625
-0.334228515625,0.14208984375,0.027008056640625
-0.373779296875,0.1868896484375,0.0482177734375
-0.423583984375,0.247314453125,0.09320068359375
-0.4580078125,0.315673828125,0.14599609375
-0.470947265625,0.373779296875,0.214599609375
-0.4921875,0.42626953125,0.2412109375
-0.5263671875,0.481689453125,0.322998046875
-0.53662109375,0.52880859375,0.3388671875
-0.5498046875,0.568359375,0.41796875
-0.5341796875,0.60791015625,0.462646484375
-0.51318359375,0.61865234375,0.478515625
-0.497314453125,0.6025390625,0.51513671875
-0.428955078125,0.5791015625,0.52294921875
-0.33935546875,0.53662109375,0.51220703125
-0.2315673828125,0.447265625,0.48583984375
-0.1341552734375,0.32373046875,0.42236328125
0.0052642822265625,0.247314453125,0.385009765625
0.1368408203125,0.11053466796875,0.294921875
0.302734375,-0.0263214111328125,0.1812744140625
0.434326171875,-0.131591796875,0.0595703125
0.560546875,-0.25537109375,-0.07525634765625
0.66845703125,-0.373779296875,-0.16259765625
0.7314453125,-0.455322265625,-0.23388671875
0.77099609375,-0.52099609375,-0.326171875
0.7841796875,-0.5869140625,-0.3896484375
0.7763671875,-0.60009765625,-0.45556640625
0.76318359375,-0.60009765625,-0.466064453125
0.7158203125,-0.58935546875,-0.481689453125
0.64453125,-0.560546875,-0.484130859375
0.5712890625,-0.515625,-0.473388671875
0.4921875,-0.4658203125,-0.43115234375
0.355224609375,-0.421142578125,-0.415283203125
0.286865234375,-0.328857421875,-0.362060546875
0.1842041015625,-0.281494140625,-0.31982421875
0.0762939453125,-0.20263671875,-0.24560546875
-0.034210205078125,-0.1263427734375,-0.187255859375
-0.1368408203125,-0.031585693359375,-0.10797119140625
-0.205322265625,0.04998779296875,-0.03643798828125
-0.286865234375,0.11053466796875,0.00585174560546875
-0.3447265625,0.1737060546875,0.0771484375
-0.4130859375,0.26318359375,0.12744140625
-0.476318359375,0.300048828125,0.1724853515625
-0.50537109375,0.33154296875,0.212158203125
-0.53662109375,0.36572265625,0.243896484375
-0.5341796875,0.394775390625,0.278076171875
-0.53173828125,0.4130859375,0.291259765625
-0.5263671875,0.3974609375,0.309814453125
-0.49462890625,0.381591796875,0.309814453125
-0.439453125,0.376220703125,0.306884765625
-0.386962890625,0.32373046875,0.291015625
-0.328857421875,0.239501953125,0.2354736328125
-0.25,0.2078857421875,0.2088623046875
-0.16845703125,0.144775390625,0.1768798828125
-0.10791015625,0.060516357421875,0.1162109375
-0.0421142578125,0.0052642822265625,0.0684814453125
0.0289459228515625,-0.06317138671875,0.026275634765625
0.08160400390625,-0.11578369140625,-0.00824737548828125
0.12890625,-0.1500244140625,-0.0426025390625
0.16845703125,-0.165771484375,-0.06640625
0.192138671875,-0.1815185546875,-0.08758544921875
0.1973876953125,-0.1842041015625,-0.10076904296875
0.189453125,-0.1815185546875,-0.11920166015625
0.1815185546875,-0.1815185546875,-0.1376953125
0.1710205078125,-0.16845703125,-0.1112060546875
0.165771484375,-0.1341552734375,-0.07159423828125
0.12890625,-0.10528564453125,-0.06103515625
0.118408203125,-0.06842041015625,-0.06103515625
0.084228515625,-0.036834716796875,-0.024017333984375
0.04998779296875,0.0,-0.0028018951416015625
0.034210205078125,0.034210205078125,0.0262603759765625
-0.010528564453125,0.055267333984375,0.028961181640625
-0.0157928466796875,0.07891845703125,0.055328369140625
-0.0184173583984375,0.08685302734375,0.08172607421875
-0.02105712890625,0.10528564453125,0.0791015625
-0.034210205078125,0.09735107421875,0.0791015625
-0.010528564453125,0.084228515625,0.08966064453125
0.010528564453125,0.052642822265625,0.0869140625
0.031585693359375,0.0421142578125,0.06573486328125
0.0894775390625,0.00789642333984375,0.0499267578125
0.1131591796875,-0.031585693359375,0.039215087890625
0.178955078125,-0.055267333984375,0.039093017578125
0.192138671875,-0.10528564453125,-0.01383209228515625
0.2236328125,-0.1341552734375,-0.04547119140625
0.2420654296875,-0.152587890625,-0.087646484375
0.247314453125,-0.1578369140625,-0.103515625
0.2342529296875,-0.2105712890625,-0.140380859375
0.2578125,-0.2078857421875,-0.15625
0.273681640625,-0.2078857421875,-0.12469482421875
0.226318359375,-0.2210693359375,-0.1641845703125
0.2183837890625,-0.1973876953125,-0.14306640625
0.2183837890625,-0.16845703125,-0.1351318359375
0.189453125,-0.1395263671875,-0.1351318359375
0.1236572265625,-0.12103271484375,-0.1480712890625
0.07366943359375,-0.0894775390625,-0.1400146484375
0.0421142578125,-0.055267333984375,-0.1109619140625
0.00263214111328125,-0.0184173583984375,-0.06854248046875
-0.034210205078125,0.02105712890625,-0.06597900390625
-0.0657958984375,0.04998779296875,-0.0236663818359375
-0.1131591796875,0.08160400390625,-0.0157470703125
-0.1368408203125,0.1131591796875,0.0186004638671875
-0.1973876953125,0.1368408203125,0.03472900390625
-0.2236328125,0.1710205078125,0.042572021484375
-0.2578125,0.1973876953125,0.06640625
-0.26318359375,0.22900390625,0.1033935546875
-0.28955078125,0.25537109375,0.1138916015625
-0.30517578125,0.286865234375,0.16943359375
-0.310546875,0.310546875,0.1878662109375
-0.3447265625,0.33154296875,0.2142333984375
-0.35009765625,0.35791015625,0.2222900390625
-0.342041015625,0.376220703125,0.243408203125
-0.326416015625,0.386962890625,0.301513671875
-0.318359375,0.402587890625,0.306640625
-0.310546875,0.39990234375,0.306640625
-0.2841796875,0.39208984375,0.314453125
-0.252685546875,0.363037109375,0.314453125
-0.20263671875,0.33935546875,0.2958984375
-0.178955078125,0.30517578125,0.266845703125
-0.11053466796875,0.252685546875,0.256103515625
-0.02105712890625,0.192138671875,0.21337890625
0.07366943359375,0.1500244140625,0.1658935546875
0.152587890625,0.04473876953125,0.10498046875
0.22900390625,-0.057891845703125,0.017852783203125
0.315673828125,-0.1131591796875,-0.0298309326171875
0.360595703125,-0.2210693359375,-0.0985107421875
0.45263671875,-0.29736328125,-0.169921875
0.5,-0.3525390625,-0.20166015625
0.5498046875,-0.402587890625,-0.302001953125
0.552734375,-0.455322265625,-0.349609375
0.560546875,-0.5,-0.386474609375
0.56298828125,-0.51318359375,-0.412841796875
0.5078125,-0.52880859375,-0.447021484375
0.489501953125,-0.5107421875,-0.4443359375
0.44482421875,-0.5,-0.4150390625
0.386962890625,-0.4736328125,-0.40185546875
0.310546875,-0.439453125,-0.396484375
0.22900390625,-0.39990234375,-0.364501953125
0.1632080078125,-0.33935546875,-0.319580078125
0.09735107421875,-0.2919921875,-0.25341796875
0.023681640625,-0.226318359375,-0.2376708984375
-0.060516357421875,-0.1473388671875,-0.1766357421875
-0.1263427734375,-0.06317138671875,-0.13427734375
-0.192138671875,0.0157928466796875,-0.060302734375
-0.2841796875,0.08160400390625,-0.01523590087890625
-0.33935546875,0.14208984375,0.040252685546875
-0.36572265625,0.2236328125,0.09307861328125
-0.4130859375,0.268310546875,0.1353759765625
-0.434326171875,0.32373046875,0.1749267578125
-0.442138671875,0.355224609375,0.24365234375
-0.4658203125,0.373779296875,0.23583984375
-0.447265625,0.389404296875,0.24365234375
-0.442138671875,0.3974609375,0.28857421875
-0.394775390625,0.3974609375,0.30419921875
-0.360595703125,0.394775390625,0.296142578125
-0.294677734375,0.347412109375,0.290771484375
-0.2342529296875,0.3369140625,0.290771484375
-0.2078857421875,0.2919921875,0.261474609375
-0.1868896484375,0.2158203125,0.2060546875
-0.11053466796875,0.2105712890625,0.2060546875
-0.060516357421875,0.192138671875,0.1845703125
-0.0289459228515625,0.1263427734375,0.166259765625
-0.01316070556640625,0.09210205078125,0.10284423828125
0.034210205078125,0.071044921875,0.09210205078125
0.060516357421875,0.036834716796875,0.06842041015625
0.071044921875,0.0157928466796875,0.039306640625
0.08685302734375,-0.0052642822265625,0.039276123046875
0.10528564453125,-0.0289459228515625,0.033935546875
0.11053466796875,-0.036834716796875,0.01026153564453125
0.144775390625,-0.052642822265625,0.007511138916015625
0.1632080078125,-0.052642822265625,-0.0083160400390625
0.16845703125,-0.055267333984375,-0.0189666748046875
0.1395263671875,-0.060516357421875,-0.021484375
0.1395263671875,-0.06317138671875,-0.0188751220703125
0.1552734375,-0.06317138671875,-0.0188751220703125
0.1605224609375,-0.06842041015625,-0.0294189453125
0.165771484375,-0.06842041015625,-0.0189971923828125
0.1578369140625,-0.071044921875,-0.032073974609375
0.14208984375,-0.0762939453125,-0.0030078887939453125
0.1236572265625,-0.07891845703125,-0.005645751953125
0.11578369140625,-0.08685302734375,-0.01348114013671875
0.0999755859375,-0.08685302734375,-0.0188751220703125
0.1026611328125,-0.08685302734375,-0.0188751220703125
0.08685302734375,-0.09210205078125,-0.032012939453125
0.06842041015625,-0.1131591796875,-0.042388916015625
0.04736328125,-0.1263427734375,-0.037139892578125
0.04998779296875,-0.1236572265625,-0.03192138671875
0.06317138671875,-0.118408203125,-0.03192138671875
0.0657958984375,-0.11578369140625,-0.03717041015625
0.0894775390625,-0.11578369140625,-0.050384521484375
0.08685302734375,-0.1236572265625,-0.050384521484375
0.071044921875,-0.1500244140625,-0.055572509765625
0.071044921875,-0.1341552734375,-0.055755615234375
0.0657958984375,-0.1473388671875,-0.0740966796875
0.071044921875,-0.152587890625,-0.0872802734375
0.0894775390625,-0.1368408203125,-0.111083984375
0.057891845703125,-0.152587890625,-0.12164306640625
0.0421142578125,-0.1500244140625,-0.12408447265625
0.031585693359375,-0.1341552734375,-0.11614990234375
0.010528564453125,-0.11578369140625,-0.1082763671875
0.0,-0.11053466796875,-0.1002197265625
-0.0052642822265625,-0.08685302734375,-0.09503173828125
-0.055267333984375,-0.07366943359375,-0.08978271484375
-0.06842041015625,-0.04473876953125,-0.0657958984375
-0.09735107421875,-0.023681640625,-0.05517578125
-0.1341552734375,-0.010528564453125,-0.031341552734375
-0.1500244140625,0.0263214111328125,-0.01824951171875
-0.1500244140625,0.04998779296875,0.026641845703125
-0.165771484375,0.08160400390625,0.0426025390625
-0.1947021484375,0.10528564453125,0.07421875
-0.2078857421875,0.1263427734375,0.10321044921875
-0.2158203125,0.1552734375,0.1190185546875
-0.2236328125,0.1710205078125,0.12445068359375
-0.22900390625,0.1842041015625,0.135009765625
-0.2105712890625,0.1973876953125,0.1453857421875
-0.1947021484375,0.2105712890625,0.1717529296875
-0.1737060546875,0.2158203125,0.182373046875
-0.1552734375,0.1947021484375,0.1876220703125
-0.1341552734375,0.1842041015625,0.1636962890625
-0.09210205078125,0.1737060546875,0.1531982421875
-0.0421142578125,0.1605224609375,0.1502685546875
0.00263214111328125,0.118408203125,0.1107177734375
0.039459228515625,0.09210205078125,0.06048583984375
0.07891845703125,0.055267333984375,0.02874755859375
0.1263427734375,0.02105712890625,-0.0135650634765625
0.1947021484375,-0.023681640625,-0.0294342041015625
0.2210693359375,-0.04998779296875,-0.0506591796875
0.265869140625,-0.06842041015625,-0.0718994140625
0.268310546875,-0.11578369140625,-0.1273193359375
0.273681640625,-0.1341552734375,-0.11932373046875
0.28955078125,-0.11578369140625,-0.1114501953125
0.286865234375,-0.131591796875,-0.1219482421875
0.2447509765625,-0.11578369140625,-0.1219482421875
0.2183837890625,-0.08160400390625,-0.12457275390625
0.17626953125,-0.057891845703125,-0.10333251953125
0.10528564453125,-0.036834716796875,-0.079345703125
0.04998779296875,-0.00789642333984375,-0.058074951171875
-0.01316070556640625,0.036834716796875,-0.0158843994140625
-0.060516357421875,0.07891845703125,0.00798797607421875
-0.0999755859375,0.10791015625,0.0291595458984375
-0.152587890625,0.1395263671875,0.0504150390625
-0.1737060546875,0.1552734375,0.0821533203125
-0.2105712890625,0.1737060546875,0.10601806640625
-0.226318359375,0.178955078125,0.126953125
-0.2210693359375,0.1815185546875,0.1348876953125
-0.2078857421875,0.1815185546875,0.12176513671875
-0.1842041015625,0.1552734375,0.10845947265625
-0.1552734375,0.144775390625,0.1031494140625
-0.144775390625,0.1131591796875,0.0872802734375
-0.07366943359375,0.071044921875,0.07666015625
-0.04736328125,0.04998779296875,0.06597900390625
-0.010528564453125,0.010528564453125,0.018402099609375
0.036834716796875,-0.00263214111328125,0.015655517578125
0.071044921875,-0.0263214111328125,0.007671356201171875
0.071044921875,-0.06842041015625,-0.05035400390625
0.08685302734375,-0.07891845703125,-0.05035400390625
0.08685302734375,-0.08685302734375,-0.06878662109375
0.09735107421875,-0.1026611328125,-0.09527587890625
0.1026611328125,-0.1131591796875,-0.09521484375
0.10791015625,-0.10528564453125,-0.0977783203125
0.0999755859375,-0.10528564453125,-0.0794677734375
0.06842041015625,-0.118408203125,-0.12939453125
0.055267333984375,-0.11053466796875,-0.1162109375
0.06842041015625,-0.08685302734375,-0.08197021484375
0.052642822265625,-0.11053466796875,-0.092529296875
0.052642822265625,-0.08685302734375,-0.092529296875
0.0289459228515625,-0.06842041015625,-0.09515380859375
-0.0052642822265625,-0.084228515625,-0.10040283203125
0.010528564453125,-0.052642822265625,-0.06329345703125
0.010528564453125,-0.0289459228515625,-0.03704833984375
0.01316070556640625,-0.023681640625,-0.042327880859375
0.0184173583984375,-0.01316070556640625,-0.039794921875
0.034210205078125,0.010528564453125,-0.0292205810546875
0.0052642822265625,0.0184173583984375,-0.0027217864990234375
0.0,0.031585693359375,0.01041412353515625
-0.0184173583984375,0.034210205078125,0.01055145263671875
-0.0184173583984375,0.036834716796875,0.026336669921875
-0.02105712890625,0.0421142578125,0.026336669921875
-0.01316070556640625,0.04998779296875,0.0262298583984375
-0.0184173583984375,0.0657958984375,0.0711669921875
-0.04736328125,0.07366943359375,0.0924072265625
-0.04736328125,0.06842041015625,0.12139892578125
-0.060516357421875,0.07891845703125,0.1318359375
-0.0421142578125,0.09210205078125,0.1318359375
-0.0263214111328125,0.1026611328125,0.142333984375
-0.0184173583984375,0.11053466796875,0.158203125
-0.0184173583984375,0.1026611328125,0.158203125
-0.0157928466796875,0.11053466796875,0.17138671875
-0.0052642822265625,0.11053466796875,0.1793212890625
0.010528564453125,0.0999755859375,0.1793212890625
0.0289459228515625,0.09735107421875,0.1370849609375
0.052642822265625,0.0947265625,0.1158447265625
0.055267333984375,0.08160400390625,0.09735107421875
0.06317138671875,0.071044921875,0.1026611328125
0.09735107421875,0.06317138671875,0.1077880859375
0.10528564453125,0.06317138671875,0.10516357421875
0.118408203125,0.036834716796875,0.055023193359375
0.1236572265625,0.034210205078125,0.0181121826171875
0.12890625,0.036834716796875,0.0128326416015625
0.11578369140625,0.00263214111328125,-0.008209228515625
0.09210205078125,-0.00263214111328125,-0.013580322265625
0.084228515625,-0.00263214111328125,-0.0028324127197265625
0.04998779296875,-0.0052642822265625,-0.0028324127197265625
0.031585693359375,-0.0052642822265625,-0.0186004638671875
0.0263214111328125,0.00789642333984375,-0.039703369140625
0.0157928466796875,0.0263214111328125,-0.01068115234375
-0.023681640625,0.036834716796875,-0.007793426513671875
-0.0894775390625,0.0421142578125,0.00786590576171875
-0.0947265625,0.04736328125,0.0186767578125
-0.118408203125,0.06317138671875,0.0186767578125
-0.118408203125,0.09210205078125,0.052947998046875
-0.09735107421875,0.0947265625,0.07135009765625
-0.10528564453125,0.0999755859375,0.0845947265625
-0.131591796875,0.09210205078125,0.0845947265625
-0.12103271484375,0.09210205078125,0.08990478515625
-0.1026611328125,0.08685302734375,0.07666015625
-0.08685302734375,0.071044921875,0.07666015625
-0.071044921875,0.060516357421875,0.0633544921875
-0.04736328125,0.04473876953125,0.055389404296875
-0.031585693359375,0.036834716796875,0.050140380859375
-0.00263214111328125,0.02105712890625,0.050140380859375
-0.00263214111328125,0.0157928466796875,0.015655517578125
0.01316070556640625,0.0,-0.0132598876953125
0.04473876953125,-0.010528564453125,-0.02130126953125
0.04736328125,-0.01316070556640625,-0.02130126953125
0.039459228515625,-0.0184173583984375,-0.031829833984375
0.0289459228515625,-0.023681640625,-0.026458740234375
0.02105712890625,-0.0157928466796875,-0.0239410400390625
0.0421142578125,-0.010528564453125,-0.0212860107421875
0.0157928466796875,-0.010528564453125,-0.0160064697265625
0.010528564453125,-0.00263214111328125,-0.0053863525390625
-0.010528564453125,-0.00263214111328125,0.0210723876953125
-0.010528564453125,0.0,0.044830322265625
-0.00789642333984375,0.02105712890625,0.060546875
-0.02105712890625,0.01316070556640625,0.05010986328125
-0.010528564453125,-0.00789642333984375,0.0501708984375
0.0263214111328125,0.0052642822265625,0.07110595703125
0.0263214111328125,-0.0184173583984375,0.04205322265625
0.023681640625,-0.055267333984375,0.034027099609375
0.0762939453125,-0.06842041015625,0.042083740234375
0.118408203125,-0.1026611328125,0.03656005859375
0.14208984375,-0.1341552734375,-0.0003943443298339844
0.1632080078125,-0.17626953125,-0.050628662109375
0.2105712890625,-0.2078857421875,-0.05859375
0.27099609375,-0.252685546875,-0.09832763671875
0.28955078125,-0.279052734375,-0.140625
0.28955078125,-0.28955078125,-0.1932373046875
0.307861328125,-0.32373046875,-0.2091064453125
0.310546875,-0.334228515625,-0.25927734375
0.307861328125,-0.3447265625,-0.282958984375
0.302734375,-0.3447265625,-0.2724609375
0.273681640625,-0.334228515625,-0.277587890625
0.25537109375,-0.315673828125,-0.2724609375
0.2236328125,-0.2841796875,-0.2432861328125
0.1552734375,-0.273681640625,-0.259033203125
0.1131591796875,-0.2315673828125,-0.259033203125
0.055267333984375,-0.17626953125,-0.20849609375
0.0,-0.1368408203125,-0.19775390625
-0.06317138671875,-0.057891845703125,-0.17919921875
-0.1026611328125,-0.0052642822265625,-0.1236572265625
-0.1815185546875,0.034210205078125,-0.0814208984375
-0.25537109375,0.09210205078125,-0.060150146484375
-0.2919921875,0.16845703125,-0.02044677734375
-0.3525390625,0.22900390625,0.0218353271484375
-0.3974609375,0.2763671875,0.06146240234375
-0.447265625,0.326416015625,0.090576171875
-0.476318359375,0.386962890625,0.16455078125
-0.52392578125,0.41064453125,0.1884765625
-0.54736328125,0.4658203125,0.230712890625
-0.5712890625,0.5107421875,0.270263671875
-0.5869140625,0.515625,0.309814453125
-0.576171875,0.560546875,0.336181640625
-0.5712890625,0.5791015625,0.383544921875
-0.568359375,0.58154296875,0.41015625
-0.54736328125,0.58154296875,0.43115234375
-0.48681640625,0.56591796875,0.454833984375
-0.442138671875,0.5341796875,0.451904296875
-0.36572265625,0.497314453125,0.451904296875
-0.27099609375,0.45263671875,0.45166015625
-0.2105712890625,0.368408203125,0.4013671875
-0.118408203125,0.2578125,0.3642578125
-0.01316070556640625,0.1473388671875,0.2978515625
0.152587890625,0.04998779296875,0.25537109375
0.265869140625,-0.060516357421875,0.131103515625
0.381591796875,-0.1632080078125,0.035888671875
0.470947265625,-0.273681640625,-0.056549072265625
0.552734375,-0.368408203125,-0.11993408203125
0.61572265625,-0.46044921875,-0.1993408203125
0.697265625,-0.53662109375,-0.283935546875
0.72607421875,-0.60791015625,-0.36572265625
0.734375,-0.6396484375,-0.43701171875
0.734375,-0.6630859375,-0.492431640625
0.72119140625,-0.68408203125,-0.50830078125
0.68408203125,-0.6787109375,-0.513671875
0.60791015625,-0.6630859375,-0.544921875
0.560546875,-0.64208984375,-0.54736328125
0.4921875,-0.60546875,-0.5390625
0.402587890625,-0.55517578125,-0.50732421875
0.334228515625,-0.4921875,-0.4677734375
0.23681640625,-0.455322265625,-0.4150390625
0.10791015625,-0.394775390625,-0.387939453125
0.034210205078125,-0.300048828125,-0.343017578125
-0.039459228515625,-0.2342529296875,-0.26904296875
-0.1131591796875,-0.144775390625,-0.19775390625
-0.205322265625,-0.0657958984375,-0.13427734375
-0.313232421875,-0.031585693359375,-0.08380126953125
-0.3974609375,0.0157928466796875,-0.0203704833984375
-0.4580078125,0.1131591796875,0.01416778564453125
-0.484130859375,0.178955078125,0.09857177734375
-0.5498046875,0.279052734375,0.1593017578125
-0.58154296875,0.334228515625,0.20703125
-0.60546875,0.376220703125,0.259765625
-0.61328125,0.41845703125,0.309814453125
-0.61328125,0.476318359375,0.328369140625
-0.60546875,0.5,0.39697265625
-0.58935546875,0.52880859375,0.405029296875
-0.55517578125,0.52880859375,0.441650390625
-0.52880859375,0.53662109375,0.41259765625
-0.481689453125,0.52099609375,0.41259765625
-0.4130859375,0.50244140625,0.4150390625
-0.3447265625,0.470947265625,0.396484375
-0.260498046875,0.42626953125,0.383056640625
-0.199951171875,0.38427734375,0.351318359375
-0.1026611328125,0.35009765625,0.3271484375
-0.0657958984375,0.28955078125,0.2900390625
0.0421142578125,0.2236328125,0.268798828125
0.0999755859375,0.1710205078125,0.218505859375
0.16845703125,0.1236572265625,0.1710205078125
0.2105712890625,0.06317138671875,0.11273193359375
0.294677734375,0.010528564453125,0.09417724609375
0.32373046875,-0.0421142578125,0.025604248046875
0.373779296875,-0.0999755859375,0.0016546249389648438
0.394775390625,-0.1710205078125,-0.051239013671875
0.44482421875,-0.20263671875,-0.101318359375
0.463134765625,-0.260498046875,-0.1514892578125
0.4658203125,-0.302734375,-0.20947265625
0.470947265625,-0.3369140625,-0.251708984375
0.4921875,-0.373779296875,-0.270263671875
0.5,-0.421142578125,-0.312255859375
0.47900390625,-0.428955078125,-0.3203125
0.468505859375,-0.439453125,-0.34130859375
0.428955078125,-0.47900390625,-0.370361328125
0.4052734375,-0.463134765625,-0.383544921875
0.368408203125,-0.4658203125,-0.388916015625
0.315673828125,-0.4658203125,-0.399169921875
0.281494140625,-0.439453125,-0.3779296875
0.247314453125,-0.431640625,-0.343505859375
0.1737060546875,-0.3974609375,-0.337890625
0.1131591796875,-0.368408203125,-0.327392578125
0.04998779296875,-0.342041015625,-0.30615234375
-0.023681640625,-0.30517578125,-0.2744140625
-0.0894775390625,-0.265869140625,-0.255615234375
-0.14208984375,-0.205322265625,-0.2030029296875
-0.1973876953125,-0.1500244140625,-0.173828125
-0.260498046875,-0.08160400390625,-0.1524658203125
-0.310546875,-0.0184173583984375,-0.08380126953125
-0.3447265625,0.034210205078125,-0.01511383056640625
-0.434326171875,0.09210205078125,0.0009465217590332031
-0.476318359375,0.1500244140625,0.045745849609375
-0.50244140625,0.2236328125,0.0908203125
-0.544921875,0.310546875,0.146240234375
-0.56591796875,0.360595703125,0.1806640625
-0.583984375,0.4130859375,0.2413330078125
-0.60546875,0.4580078125,0.259765625
-0.60009765625,0.5078125,0.309814453125
-0.5791015625,0.52880859375,0.3388671875
-0.552734375,0.52880859375,0.35986328125
-0.5185546875,0.515625,0.34912109375
-0.447265625,0.48681640625,0.3359375
-0.39990234375,0.455322265625,0.327880859375
-0.294677734375,0.38427734375,0.309326171875
-0.2078857421875,0.32373046875,0.282470703125
-0.1026611328125,0.247314453125,0.2113037109375
-0.010528564453125,0.1578369140625,0.1502685546875
0.0947265625,0.09735107421875,0.11334228515625
0.1552734375,0.0157928466796875,0.0523681640625
0.2315673828125,-0.0999755859375,0.0177001953125
0.315673828125,-0.1131591796875,-0.014007568359375
0.35009765625,-0.1578369140625,-0.058990478515625
0.36572265625,-0.22900390625,-0.1170654296875
0.3974609375,-0.25537109375,-0.1380615234375
0.415771484375,-0.2578125,-0.1593017578125
0.373779296875,-0.265869140625,-0.1961669921875
0.355224609375,-0.2578125,-0.2093505859375
0.347412109375,-0.247314453125,-0.182861328125
0.315673828125,-0.2236328125,-0.1748046875
0.268310546875,-0.189453125,-0.1748046875
0.2342529296875,-0.1473388671875,-0.14306640625
0.205322265625,-0.118408203125,-0.09808349609375
0.1632080078125,-0.071044921875,-0.06390380859375
0.1263427734375,-0.055267333984375,-0.0189056396484375
0.08685302734375,-0.0263214111328125,-0.01335906982421875
0.034210205078125,0.01316070556640625,-0.0028247833251953125
0.00263214111328125,0.0289459228515625,0.00777435302734375
-0.0052642822265625,0.04736328125,0.03424072265625
-0.02105712890625,0.057891845703125,0.04998779296875
-0.023681640625,0.0657958984375,0.0606689453125
-0.036834716796875,0.052642822265625,0.042236328125
-0.055267333984375,0.010528564453125,0.03961181640625
-0.0421142578125,0.010528564453125,0.0236968994140625
-0.01316070556640625,0.0,0.0210418701171875
0.0052642822265625,-0.01316070556640625,0.0157318115234375
0.010528564453125,-0.034210205078125,0.007755279541015625
0.010528564453125,-0.04736328125,-0.0133056640625
0.01316070556640625,-0.0657958984375,-0.031829833984375
0.00789642333984375,-0.07366943359375,-0.047576904296875
0.0184173583984375,-0.07366943359375,-0.06341552734375
0.01316070556640625,-0.060516357421875,-0.06341552734375
-0.010528564453125,-0.07891845703125,-0.09234619140625
-0.0184173583984375,-0.0762939453125,-0.08709716796875
-0.01316070556640625,-0.057891845703125,-0.08709716796875
-0.0289459228515625,-0.06317138671875,-0.108154296875
-0.04736328125,-0.071044921875,-0.115966796875
-0.039459228515625,-0.055267333984375,-0.10284423828125
-0.052642822265625,-0.060516357421875,-0.09222412109375
-0.060516357421875,-0.06317138671875,-0.089599609375
-0.060516357421875,-0.06317138671875,-0.0684814453125
-0.057891845703125,-0.06842041015625,-0.07647705078125
-0.06317138671875,-0.071044921875,-0.07647705078125
-0.052642822265625,-0.06317138671875,-0.076416015625
-0.04998779296875,-0.06842041015625,-0.068603515625
-0.06842041015625,-0.08160400390625,-0.06591796875
-0.06317138671875,-0.084228515625,-0.05792236328125
-0.04473876953125,-0.07891845703125,-0.060638427734375
-0.04998779296875,-0.07366943359375,-0.06591796875
-0.052642822265625,-0.071044921875,-0.0552978515625
-0.04998779296875,-0.055267333984375,-0.03955078125
-0.06842041015625,-0.052642822265625,-0.0263519287109375
-0.07366943359375,-0.0421142578125,-0.021026611328125
-0.08160400390625,-0.04473876953125,-0.01038360595703125
-0.09735107421875,-0.031585693359375,-0.0183868408203125
-0.0947265625,-0.00789642333984375,0.00801849365234375
-0.0999755859375,0.0052642822265625,0.00801849365234375
-0.12103271484375,0.0157928466796875,0.00815582275390625
-0.14208984375,0.034210205078125,0.018707275390625
-0.144775390625,0.057891845703125,0.018707275390625
-0.1473388671875,0.08160400390625,0.03192138671875
-0.1473388671875,0.11053466796875,0.066162109375
-0.14208984375,0.1341552734375,0.092529296875
-0.1578369140625,0.1578369140625,0.09515380859375
-0.1632080078125,0.1815185546875,0.11370849609375
-0.1632080078125,0.20263671875,0.1295166015625
-0.1605224609375,0.2210693359375,0.150634765625
-0.1500244140625,0.2236328125,0.150634765625
-0.1341552734375,0.22900390625,0.158447265625
-0.11578369140625,0.23681640625,0.1690673828125
-0.0999755859375,0.22900390625,0.166259765625
-0.084228515625,0.1815185546875,0.1636962890625
-0.0263214111328125,0.1710205078125,0.187255859375
0.01316070556640625,0.1341552734375,0.168701171875
0.036834716796875,0.0762939453125,0.11590576171875
0.084228515625,0.039459228515625,0.08404541015625
0.144775390625,-0.0289459228515625,0.04705810546875
0.205322265625,-0.0894775390625,0.02325439453125
0.260498046875,-0.1395263671875,-0.00867462158203125
0.29736328125,-0.1842041015625,-0.05609130859375
0.342041015625,-0.2420654296875,-0.10107421875
0.373779296875,-0.279052734375,-0.1644287109375
0.389404296875,-0.315673828125,-0.2252197265625
0.402587890625,-0.3447265625,-0.246337890625
0.41064453125,-0.360595703125,-0.251708984375
0.407958984375,-0.37109375,-0.280517578125
0.3974609375,-0.363037109375,-0.31494140625
0.35009765625,-0.368408203125,-0.33056640625
0.33154296875,-0.363037109375,-0.335693359375
0.273681640625,-0.342041015625,-0.335693359375
0.260498046875,-0.310546875,-0.306640625
0.205322265625,-0.286865234375,-0.2958984375
0.1395263671875,-0.2342529296875,-0.28515625
0.06842041015625,-0.2158203125,-0.2744140625
0.02105712890625,-0.1710205078125,-0.232177734375
-0.060516357421875,-0.118408203125,-0.2110595703125
-0.1263427734375,-0.08685302734375,-0.150146484375
-0.2078857421875,-0.023681640625,-0.14990234375
-0.26318359375,0.036834716796875,-0.0654296875
-0.328857421875,0.09735107421875,-0.017791748046875
-0.3974609375,0.144775390625,0.0219268798828125
-0.436767578125,0.189453125,0.07208251953125
-0.470947265625,0.273681640625,0.130126953125
-0.5185546875,0.307861328125,0.1778564453125
-0.5498046875,0.37109375,0.22802734375
-0.5947265625,0.41845703125,0.24658203125
-0.6103515625,0.434326171875,0.2939453125
-0.63671875,0.449951171875,0.320556640625
-0.61865234375,0.46044921875,0.360107421875
-0.58935546875,0.455322265625,0.367919921875
-0.544921875,0.449951171875,0.383544921875
-0.484130859375,0.4130859375,0.380859375
-0.41845703125,0.347412109375,0.359619140625
-0.302734375,0.281494140625,0.335693359375
-0.1868896484375,0.20263671875,0.27734375
-0.04736328125,0.118408203125,0.2293701171875
0.071044921875,0.00789642333984375,0.163330078125
0.192138671875,-0.118408203125,0.0787353515625
0.294677734375,-0.239501953125,0.004364013671875
0.42626953125,-0.33935546875,-0.07757568359375
0.515625,-0.4130859375,-0.1885986328125
0.544921875,-0.481689453125,-0.27294921875
0.56591796875,-0.54736328125,-0.349609375
0.60009765625,-0.5947265625,-0.38916015625
0.59228515625,-0.61328125,-0.4365234375
0.560546875,-0.61572265625,-0.447021484375
0.52099609375,-0.59228515625,-0.447021484375
0.47900390625,-0.576171875,-0.451904296875
0.394775390625,-0.5263671875,-0.449462890625
0.318359375,-0.4658203125,-0.433349609375
0.226318359375,-0.41064453125,-0.388427734375
0.1605224609375,-0.355224609375,-0.3037109375
0.0999755859375,-0.2763671875,-0.242919921875
0.0289459228515625,-0.1815185546875,-0.19287109375
-0.036834716796875,-0.10528564453125,-0.147705078125
-0.1131591796875,-0.0052642822265625,-0.06842041015625
-0.1947021484375,0.034210205078125,-0.0364990234375
-0.25,0.09210205078125,0.032196044921875
-0.286865234375,0.1737060546875,0.09820556640625
-0.318359375,0.2183837890625,0.11932373046875
-0.347412109375,0.268310546875,0.164306640625
-0.38427734375,0.268310546875,0.1644287109375
-0.37109375,0.2919921875,0.2354736328125
-0.368408203125,0.310546875,0.2381591796875
-0.363037109375,0.30517578125,0.2459716796875
-0.321044921875,0.310546875,0.27490234375
-0.300048828125,0.310546875,0.282958984375
-0.273681640625,0.300048828125,0.266845703125
-0.22900390625,0.286865234375,0.26953125
-0.20263671875,0.2763671875,0.2457275390625
-0.1632080078125,0.2763671875,0.24560546875
-0.1395263671875,0.265869140625,0.242919921875
-0.1131591796875,0.25537109375,0.250732421875
-0.084228515625,0.2447509765625,0.22705078125
-0.055267333984375,0.252685546875,0.2216796875
-0.036834716796875,0.23681640625,0.200439453125
-0.023681640625,0.226318359375,0.19775390625
-0.0052642822265625,0.213134765625,0.1793212890625
0.0157928466796875,0.20263671875,0.17919921875
0.034210205078125,0.1868896484375,0.1607666015625
0.055267333984375,0.1552734375,0.1290283203125
0.0762939453125,0.12890625,0.08941650390625
0.1026611328125,0.0947265625,0.07879638671875
0.152587890625,0.055267333984375,0.049652099609375
0.1947021484375,0.0263214111328125,0.02587890625
0.2210693359375,-0.02105712890625,-0.003292083740234375
0.2342529296875,-0.071044921875,-0.04803466796875
0.2763671875,-0.131591796875,-0.08770751953125
0.307861328125,-0.16845703125,-0.10626220703125
0.307861328125,-0.2158203125,-0.18017578125
0.342041015625,-0.23681640625,-0.1590576171875
0.342041015625,-0.2578125,-0.175048828125
0.3369140625,-0.294677734375,-0.20654296875
0.318359375,-0.313232421875,-0.222412109375
0.300048828125,-0.310546875,-0.243408203125
0.260498046875,-0.300048828125,-0.256591796875
0.213134765625,-0.30517578125,-0.272216796875
0.1737060546875,-0.302734375,-0.26171875
0.1632080078125,-0.2578125,-0.232666015625
0.11578369140625,-0.239501953125,-0.2298583984375
0.0999755859375,-0.2105712890625,-0.1717529296875
0.0657958984375,-0.1632080078125,-0.14794921875
0.0263214111328125,-0.1236572265625,-0.1268310546875
-0.00789642333984375,-0.084228515625,-0.0792236328125
-0.071044921875,-0.0421142578125,-0.0711669921875
-0.11053466796875,-0.0157928466796875,-0.0394287109375
-0.1605224609375,0.031585693359375,-0.018218994140625
-0.1737060546875,0.06317138671875,0.0108642578125
-0.192138671875,0.11053466796875,0.03460693359375
-0.2236328125,0.14208984375,0.050537109375
-0.260498046875,0.1632080078125,0.0611572265625
-0.260498046875,0.178955078125,0.10076904296875
-0.25,0.189453125,0.111328125
-0.2342529296875,0.2158203125,0.1297607421875
-0.2210693359375,0.2105712890625,0.1429443359375
-0.205322265625,0.199951171875,0.1375732421875
-0.1973876953125,0.1947021484375,0.13232421875
-0.1632080078125,0.1947021484375,0.129638671875
-0.14208984375,0.1710205078125,0.09521484375
-0.11578369140625,0.1605224609375,0.08197021484375
-0.06317138671875,0.1578369140625,0.08441162109375
-0.039459228515625,0.144775390625,0.1002197265625
-0.0184173583984375,0.1368408203125,0.0816650390625
-0.0184173583984375,0.1395263671875,0.0579833984375
0.02105712890625,0.1395263671875,0.05535888671875
0.0157928466796875,0.1368408203125,0.047271728515625
0.0157928466796875,0.1368408203125,0.028900146484375
0.036834716796875,0.12890625,0.036712646484375
0.034210205078125,0.1263427734375,0.03680419921875
0.0421142578125,0.1263427734375,0.03680419921875
0.04473876953125,0.1263427734375,0.01036834716796875
0.057891845703125,0.11578369140625,0.0103607177734375
0.057891845703125,0.06842041015625,-0.01342010498046875
0.06842041015625,0.052642822265625,-0.0159912109375
0.08160400390625,0.0421142578125,-0.0160064697265625
0.09210205078125,0.010528564453125,-0.021453857421875
0.118408203125,-0.02105712890625,-0.021453857421875
0.152587890625,-0.039459228515625,-0.042572021484375
0.152587890625,-0.0762939453125,-0.050537109375
0.152587890625,-0.10791015625,-0.0980224609375
0.131591796875,-0.12103271484375,-0.08758544921875
0.131591796875,-0.1395263671875,-0.076904296875
0.1236572265625,-0.1395263671875,-0.08203125
0.1341552734375,-0.12890625,-0.06365966796875
0.0894775390625,-0.1131591796875,-0.08197021484375
0.071044921875,-0.10528564453125,-0.08197021484375
0.036834716796875,-0.09210205078125,-0.055572509765625
0.0,-0.0657958984375,-0.034454345703125
-0.04736328125,-0.034210205078125,-0.031646728515625
-0.060516357421875,0.0052642822265625,0.0027294158935546875
-0.057891845703125,0.0289459228515625,0.0237884521484375
-0.0947265625,0.04473876953125,0.01068878173828125
-0.09735107421875,0.06317138671875,0.050262451171875
-0.09735107421875,0.071044921875,0.08453369140625
-0.118408203125,0.071044921875,0.0872802734375
-0.08160400390625,0.06317138671875,0.07928466796875
-0.055267333984375,0.04998779296875,0.07916259765625
-0.036834716796875,0.034210205078125,0.0290069580078125
-0.01316070556640625,-0.0157928466796875,0.013153076171875
0.02105712890625,-0.060516357421875,-0.02398681640625
0.055267333984375,-0.08685302734375,-0.06085205078125
0.0999755859375,-0.12890625,-0.06085205078125
0.1368408203125,-0.14208984375,-0.116455078125
0.144775390625,-0.1710205078125,-0.1270751953125
0.1552734375,-0.199951171875,-0.1375732421875
0.152587890625,-0.2078857421875,-0.161376953125
0.12103271484375,-0.1868896484375,-0.163818359375
0.08685302734375,-0.189453125,-0.1849365234375
0.04998779296875,-0.178955078125,-0.177001953125
0.04736328125,-0.1395263671875,-0.145263671875
-0.01316070556640625,-0.11053466796875,-0.121337890625
-0.04736328125,-0.06317138671875,-0.0870361328125
-0.08685302734375,-0.0263214111328125,-0.04473876953125
-0.1395263671875,0.023681640625,-0.023529052734375
-0.178955078125,0.06317138671875,0.01082611083984375
-0.239501953125,0.118408203125,0.045318603515625
-0.25537109375,0.152587890625,0.08489990234375
-0.28955078125,0.17626953125,0.11669921875
-0.310546875,0.213134765625,0.132568359375
-0.321044921875,0.2342529296875,0.2064208984375
-0.321044921875,0.252685546875,0.211669921875
-0.321044921875,0.260498046875,0.232666015625
-0.313232421875,0.260498046875,0.26171875
-0.273681640625,0.27099609375,0.26171875
-0.2420654296875,0.25537109375,0.261474609375
-0.199951171875,0.239501953125,0.261474609375
-0.152587890625,0.1947021484375,0.261474609375
-0.08685302734375,0.1632080078125,0.237548828125
-0.0157928466796875,0.1236572265625,0.218994140625
0.0289459228515625,0.06317138671875,0.1844482421875
0.084228515625,0.00789642333984375,0.1368408203125
0.131591796875,-0.0421142578125,0.086669921875
0.205322265625,-0.0762939453125,0.08123779296875
0.265869140625,-0.1026611328125,0.00984954833984375
0.286865234375,-0.152587890625,-0.0192108154296875
0.321044921875,-0.1842041015625,-0.058868408203125
0.35791015625,-0.2078857421875,-0.058929443359375
0.37109375,-0.2315673828125,-0.1011962890625
0.35791015625,-0.2315673828125,-0.14599609375
0.35791015625,-0.2420654296875,-0.14599609375
0.355224609375,-0.25,-0.1593017578125
0.355224609375,-0.22900390625,-0.164306640625
0.334228515625,-0.213134765625,-0.1829833984375
0.318359375,-0.2315673828125,-0.182861328125
0.279052734375,-0.2183837890625,-0.1826171875
0.239501953125,-0.2078857421875,-0.1826171875
0.1947021484375,-0.1973876953125,-0.179931640625
0.1632080078125,-0.1632080078125,-0.156005859375
0.1395263671875,-0.1500244140625,-0.15869140625
0.0762939453125,-0.1500244140625,-0.1531982421875
0.0263214111328125,-0.152587890625,-0.1478271484375
-0.00263214111328125,-0.12890625,-0.1424560546875
-0.0263214111328125,-0.12103271484375,-0.11077880859375
-0.039459228515625,-0.0894775390625,-0.11859130859375
-0.084228515625,-0.09210205078125,-0.11859130859375
-0.1263427734375,-0.07891845703125,-0.10284423828125
-0.1395263671875,-0.06842041015625,-0.09735107421875
-0.1605224609375,-0.0421142578125,-0.047088623046875
-0.1947021484375,-0.0157928466796875,-0.0286865234375
-0.23681640625,0.0,-0.028594970703125
-0.265869140625,0.04736328125,-0.02056884765625
-0.279052734375,0.08685302734375,-0.004688262939453125
-0.313232421875,0.11578369140625,0.0323486328125
-0.35009765625,0.1710205078125,0.037689208984375
-0.373779296875,0.1947021484375,0.095703125
-0.402587890625,0.2447509765625,0.0958251953125
-0.423583984375,0.286865234375,0.143310546875
-0.431640625,0.33154296875,0.1776123046875
-0.431640625,0.363037109375,0.2119140625
-0.45263671875,0.39990234375,0.23046875
-0.4580078125,0.423583984375,0.275390625
-0.44482421875,0.449951171875,0.30419921875
-0.428955078125,0.45263671875,0.33056640625
-0.3974609375,0.45263671875,0.346435546875
-0.3369140625,0.423583984375,0.348876953125
-0.28955078125,0.37109375,0.340576171875
-0.189453125,0.321044921875,0.335205078125
-0.0762939453125,0.281494140625,0.335205078125
0.01316070556640625,0.189453125,0.2451171875
0.1131591796875,0.06842041015625,0.197509765625
0.2315673828125,-0.0157928466796875,0.12091064453125
0.3447265625,-0.1395263671875,0.06756591796875
0.442138671875,-0.239501953125,-0.038055419921875
0.52392578125,-0.313232421875,-0.151611328125
0.5947265625,-0.37109375,-0.2203369140625
0.6474609375,-0.455322265625,-0.3076171875
0.66845703125,-0.5107421875,-0.35498046875
0.6787109375,-0.55810546875,-0.3974609375
0.6708984375,-0.58154296875,-0.463134765625
0.64453125,-0.5869140625,-0.470947265625
0.62109375,-0.58154296875,-0.491943359375
0.55810546875,-0.5712890625,-0.4970703125
0.497314453125,-0.53173828125,-0.4970703125
0.428955078125,-0.49462890625,-0.481201171875
0.334228515625,-0.447265625,-0.451904296875
0.273681640625,-0.407958984375,-0.412109375
0.2236328125,-0.326416015625,-0.35400390625
0.1236572265625,-0.2763671875,-0.30126953125
0.0263214111328125,-0.1973876953125,-0.248046875
-0.031585693359375,-0.144775390625,-0.17138671875
-0.1368408203125,-0.07366943359375,-0.1395263671875
-0.2236328125,0.010528564453125,-0.060150146484375
-0.260498046875,0.07366943359375,0.01128387451171875
-0.355224609375,0.152587890625,0.0296783447265625
-0.4052734375,0.213134765625,0.1063232421875
-0.470947265625,0.279052734375,0.1593017578125
-0.53173828125,0.3447265625,0.2147216796875
-0.576171875,0.386962890625,0.249267578125
-0.60791015625,0.442138671875,0.317626953125
-0.62109375,0.484130859375,0.365234375
-0.64208984375,0.515625,0.38134765625
-0.63134765625,0.5419921875,0.3916015625
-0.61572265625,0.5712890625,0.449462890625
-0.5712890625,0.5712890625,0.449462890625
-0.544921875,0.5185546875,0.4443359375
-0.4580078125,0.4921875,0.436279296875
-0.373779296875,0.4580078125,0.409423828125
-0.2763671875,0.368408203125,0.3701171875
-0.1868896484375,0.2841796875,0.322265625
-0.04998779296875,0.1842041015625,0.248046875
0.055267333984375,0.0762939453125,0.1790771484375
0.1947021484375,-0.023681640625,0.08123779296875
0.29736328125,-0.12103271484375,-0.006198883056640625
0.389404296875,-0.1815185546875,-0.08013916015625
0.434326171875,-0.260498046875,-0.1356201171875
0.47900390625,-0.328857421875,-0.217529296875
0.5341796875,-0.35791015625,-0.2308349609375
0.5078125,-0.37109375,-0.27294921875
0.468505859375,-0.373779296875,-0.28076171875
0.428955078125,-0.36572265625,-0.267333984375
0.368408203125,-0.33935546875,-0.272705078125
0.318359375,-0.307861328125,-0.25927734375
0.2578125,-0.265869140625,-0.2196044921875
0.192138671875,-0.2158203125,-0.135009765625
0.12890625,-0.1552734375,-0.0875244140625
0.0999755859375,-0.09210205078125,-0.05047607421875
0.02105712890625,-0.06317138671875,-0.0079498291015625
-0.0289459228515625,-0.01316070556640625,0.0211639404296875
-0.07366943359375,0.02105712890625,0.05267333984375
-0.09210205078125,0.0289459228515625,0.07659912109375
-0.12890625,0.04473876953125,0.09771728515625
-0.1236572265625,0.036834716796875,0.11627197265625
-0.1131591796875,0.034210205078125,0.11627197265625
-0.07891845703125,0.00263214111328125,0.1055908203125
-0.0421142578125,-0.010528564453125,0.081787109375
-0.00263214111328125,-0.04998779296875,0.060577392578125
0.0157928466796875,-0.0999755859375,0.02362060546875
0.0421142578125,-0.1131591796875,-0.0028247833251953125
0.0762939453125,-0.1473388671875,-0.01082611083984375
0.0894775390625,-0.165771484375,-0.0635986328125
0.11578369140625,-0.1842041015625,-0.08740234375
0.152587890625,-0.1842041015625,-0.08740234375
0.1395263671875,-0.1868896484375,-0.11102294921875
0.1131591796875,-0.1815185546875,-0.11639404296875
0.10528564453125,-0.1395263671875,-0.11639404296875
0.0894775390625,-0.1236572265625,-0.10052490234375
0.04473876953125,-0.09735107421875,-0.10052490234375
0.01316070556640625,-0.0421142578125,-0.0660400390625
-0.00789642333984375,-0.02105712890625,-0.052825927734375
-0.04998779296875,0.023681640625,-0.0236663818359375
-0.08160400390625,0.055267333984375,0.010650634765625
-0.0999755859375,0.0894775390625,0.07135009765625
-0.10528564453125,0.1026611328125,0.07135009765625
-0.1236572265625,0.131591796875,0.07666015625
-0.1395263671875,0.1632080078125,0.07666015625
-0.1578369140625,0.1842041015625,0.111083984375
-0.1578369140625,0.199951171875,0.11639404296875
-0.1710205078125,0.199951171875,0.11639404296875
-0.1578369140625,0.199951171875,0.10577392578125
-0.1341552734375,0.213134765625,0.12408447265625
-0.1131591796875,0.2236328125,0.12408447265625
-0.1236572265625,0.2236328125,0.1427001953125
-0.10528564453125,0.213134765625,0.1505126953125
-0.1131591796875,0.213134765625,0.1505126953125
-0.118408203125,0.213134765625,0.1400146484375
-0.118408203125,0.20263671875,0.11358642578125
-0.1236572265625,0.189453125,0.08978271484375
-0.10791015625,0.1868896484375,0.08978271484375
-0.10528564453125,0.17626953125,0.11346435546875
-0.09210205078125,0.1710205078125,0.126708984375
-0.0657958984375,0.1552734375,0.126708984375
-0.04998779296875,0.131591796875,0.1134033203125
-0.031585693359375,0.09735107421875,0.11077880859375
0.0157928466796875,0.08160400390625,0.08428955078125
0.034210205078125,0.0421142578125,0.057952880859375
0.0421142578125,-0.0184173583984375,0.0288543701171875
0.09210205078125,-0.039459228515625,0.0287322998046875
0.12890625,-0.07891845703125,0.00743865966796875
0.16845703125,-0.12103271484375,-0.00041866302490234375
0.2078857421875,-0.1263427734375,-0.0243682861328125
0.2315673828125,-0.1578369140625,-0.048126220703125
0.2420654296875,-0.1868896484375,-0.061309814453125
0.247314453125,-0.205322265625,-0.09033203125
0.23681640625,-0.2236328125,-0.1219482421875
0.2210693359375,-0.2420654296875,-0.1510009765625
0.213134765625,-0.260498046875,-0.1851806640625
0.20263671875,-0.2578125,-0.1851806640625
0.189453125,-0.25537109375,-0.1851806640625
0.1868896484375,-0.252685546875,-0.1824951171875
0.17626953125,-0.25,-0.1693115234375
0.1473388671875,-0.247314453125,-0.1982421875
0.131591796875,-0.2420654296875,-0.16650390625
0.1026611328125,-0.2342529296875,-0.156005859375
0.0762939453125,-0.2236328125,-0.1849365234375
0.036834716796875,-0.2105712890625,-0.179443359375
0.023681640625,-0.192138671875,-0.153076171875
0.02105712890625,-0.1632080078125,-0.145263671875
-0.031585693359375,-0.1473388671875,-0.155517578125
-0.06317138671875,-0.12890625,-0.1502685546875
-0.06842041015625,-0.0894775390625,-0.142333984375
-0.0894775390625,-0.0657958984375,-0.115966796875
-0.09735107421875,-0.023681640625,-0.08953857421875
-0.14208984375,0.010528564453125,-0.08428955078125
-0.1605224609375,0.036834716796875,-0.06298828125
-0.1842041015625,0.07891845703125,-0.047149658203125
-0.205322265625,0.11053466796875,-0.01812744140625
-0.239501953125,0.1341552734375,0.0189361572265625
-0.273681640625,0.165771484375,0.02423095703125
-0.294677734375,0.2236328125,0.0692138671875
-0.281494140625,0.252685546875,0.111328125
-0.318359375,0.26318359375,0.12200927734375
-0.326416015625,0.27099609375,0.1484375
-0.33935546875,0.321044921875,0.1641845703125
-0.347412109375,0.318359375,0.20654296875
-0.33154296875,0.328857421875,0.2249755859375
-0.315673828125,0.33935546875,0.24853515625
-0.281494140625,0.342041015625,0.2880859375
-0.2420654296875,0.30517578125,0.293212890625
-0.2158203125,0.2763671875,0.293212890625
-0.1737060546875,0.25,0.287841796875
-0.0894775390625,0.2183837890625,0.2822265625
-0.0263214111328125,0.1710205078125,0.26904296875
0.04998779296875,0.1026611328125,0.25048828125
0.0999755859375,0.036834716796875,0.184326171875
0.1973876953125,-0.01316070556640625,0.1470947265625
0.252685546875,-0.08160400390625,0.0810546875
0.35009765625,-0.12890625,0.05474853515625
0.373779296875,-0.152587890625,-0.0247039794921875
0.3974609375,-0.189453125,-0.0589599609375
0.407958984375,-0.23681640625,-0.11968994140625
0.41845703125,-0.252685546875,-0.167236328125
0.41845703125,-0.2578125,-0.193603515625
0.39990234375,-0.26318359375,-0.2093505859375
0.386962890625,-0.25,-0.22509765625
0.381591796875,-0.25,-0.2039794921875
0.302734375,-0.22900390625,-0.2171630859375
0.25537109375,-0.2210693359375,-0.21435546875
0.213134765625,-0.178955078125,-0.2088623046875
0.1500244140625,-0.1473388671875,-0.1981201171875
0.09210205078125,-0.1236572265625,-0.16650390625
0.0421142578125,-0.08685302734375,-0.1163330078125
-0.00789642333984375,-0.04736328125,-0.08447265625
-0.071044921875,-0.01316070556640625,-0.044708251953125
-0.118408203125,0.010528564453125,-0.007671356201171875
-0.14208984375,0.039459228515625,0.00814056396484375
-0.199951171875,0.0421142578125,0.042510986328125
-0.2158203125,0.06317138671875,0.04266357421875
-0.2158203125,0.09210205078125,0.08740234375
-0.226318359375,0.0947265625,0.09271240234375
-0.22900390625,0.1131591796875,0.10601806640625
-0.2158203125,0.1236572265625,0.1270751953125
-0.1973876953125,0.12103271484375,0.1348876953125
-0.189453125,0.1131591796875,0.11376953125
-0.16845703125,0.11578369140625,0.10308837890625
-0.1368408203125,0.11578369140625,0.097900390625
-0.1236572265625,0.1131591796875,0.08721923828125
-0.118408203125,0.1026611328125,0.08721923828125
-0.118408203125,0.0999755859375,0.06878662109375
-0.1026611328125,0.0999755859375,0.07391357421875
-0.08160400390625,0.0947265625,0.07659912109375
-0.0762939453125,0.0894775390625,0.044921875
-0.055267333984375,0.0894775390625,0.044921875
-0.04736328125,0.08160400390625,0.06597900390625
-0.036834716796875,0.08160400390625,0.07647705078125
-0.0263214111328125,0.057891845703125,0.039459228515625
0.0,0.034210205078125,0.03692626953125
0.0157928466796875,0.0184173583984375,0.0025043487548828125
0.039459228515625,-0.01316070556640625,-0.0186614990234375
0.04736328125,-0.04998779296875,-0.02392578125
0.07366943359375,-0.057891845703125,-0.0265350341796875
0.10791015625,-0.0947265625,-0.03460693359375
0.1341552734375,-0.1236572265625,-0.06890869140625
0.144775390625,-0.131591796875,-0.07171630859375
0.1815185546875,-0.1552734375,-0.0849609375
0.199951171875,-0.165771484375,-0.0821533203125
0.1737060546875,-0.178955078125,-0.0980224609375
0.165771484375,-0.178955078125,-0.10076904296875
0.165771484375,-0.17626953125,-0.10601806640625
0.17626953125,-0.1710205078125,-0.12445068359375
0.152587890625,-0.1578369140625,-0.1324462890625
0.12103271484375,-0.144775390625,-0.1453857421875
0.09735107421875,-0.152587890625,-0.1295166015625
0.07366943359375,-0.12890625,-0.118896484375
0.052642822265625,-0.118408203125,-0.0977783203125
0.0289459228515625,-0.10791015625,-0.10565185546875
0.02105712890625,-0.0762939453125,-0.09765625
-0.0052642822265625,-0.0657958984375,-0.09246826171875
-0.034210205078125,-0.07366943359375,-0.08428955078125
-0.08160400390625,-0.0657958984375,-0.06585693359375
-0.084228515625,-0.034210205078125,-0.04736328125
-0.09735107421875,-0.0289459228515625,-0.034088134765625
-0.10528564453125,-0.01316070556640625,-0.031494140625
-0.1131591796875,-0.00263214111328125,-0.0156707763671875
-0.1263427734375,0.0184173583984375,-0.01294708251953125
-0.1341552734375,0.0263214111328125,0.01605224609375
-0.152587890625,0.039459228515625,0.026641845703125
-0.178955078125,0.0657958984375,0.0267181396484375
-0.178955078125,0.0894775390625,0.04254150390625
-0.17626953125,0.1026611328125,0.0477294921875
-0.1973876953125,0.1263427734375,0.047882080078125
-0.213134765625,0.1500244140625,0.0821533203125
-0.2342529296875,0.192138671875,0.0875244140625
-0.2447509765625,0.2158203125,0.108642578125
-0.25537109375,0.2342529296875,0.1138916015625
-0.26318359375,0.268310546875,0.121826171875
-0.265869140625,0.30517578125,0.148193359375
-0.268310546875,0.313232421875,0.166748046875
-0.294677734375,0.328857421875,0.1929931640625
-0.294677734375,0.342041015625,0.19580078125
-0.273681640625,0.3447265625,0.2169189453125
-0.25,0.342041015625,0.2247314453125
-0.2342529296875,0.321044921875,0.22998046875
-0.199951171875,0.29736328125,0.2325439453125
-0.17626953125,0.26318359375,0.208740234375
-0.12103271484375,0.2447509765625,0.208740234375
-0.06842041015625,0.2158203125,0.187255859375
-0.034210205078125,0.10791015625,0.1397705078125
-0.01316070556640625,0.04736328125,0.1185302734375
0.09210205078125,-0.00263214111328125,0.078857421875
0.1368408203125,-0.09210205078125,0.023284912109375
0.2236328125,-0.1500244140625,0.0207061767578125
0.2919921875,-0.2158203125,-0.093017578125
0.3525390625,-0.273681640625,-0.09576416015625
0.39990234375,-0.35791015625,-0.1302490234375
0.4130859375,-0.42626953125,-0.2252197265625
0.449951171875,-0.463134765625,-0.28857421875
0.476318359375,-0.481689453125,-0.330810546875
0.47900390625,-0.515625,-0.35986328125
0.470947265625,-0.54736328125,-0.394287109375
0.468505859375,-0.544921875,-0.41796875
0.434326171875,-0.544921875,-0.415283203125
0.389404296875,-0.53955078125,-0.42041015625
0.355224609375,-0.52880859375,-0.425537109375
0.2919921875,-0.484130859375,-0.396484375
0.239501953125,-0.45263671875,-0.335693359375
0.1737060546875,-0.407958984375,-0.317138671875
0.1236572265625,-0.347412109375,-0.290283203125
0.055267333984375,-0.28955078125,-0.258544921875
-0.04473876953125,-0.247314453125,-0.20849609375
-0.1236572265625,-0.205322265625,-0.189697265625
-0.1605224609375,-0.12890625,-0.10784912109375
-0.239501953125,-0.071044921875,-0.0865478515625
-0.2919921875,-0.023681640625,-0.049468994140625
-0.315673828125,0.0289459228515625,-0.0099639892578125
-0.33935546875,0.071044921875,0.06402587890625
-0.386962890625,0.1263427734375,0.085205078125
-0.4130859375,0.1552734375,0.11431884765625
-0.41064453125,0.17626953125,0.1485595703125
-0.4052734375,0.199951171875,0.1669921875
-0.39990234375,0.2210693359375,0.1776123046875
-0.37890625,0.2420654296875,0.190673828125
-0.373779296875,0.22900390625,0.1959228515625
-0.37109375,0.2236328125,0.177490234375
-0.32373046875,0.2420654296875,0.1695556640625
-0.29736328125,0.23681640625,0.1719970703125
-0.273681640625,0.2342529296875,0.1903076171875
-0.2342529296875,0.25,0.1956787109375
-0.205322265625,0.247314453125,0.2034912109375
-0.192138671875,0.239501953125,0.1796875
-0.178955078125,0.2342529296875,0.1771240234375
-0.1578369140625,0.2183837890625,0.1717529296875
-0.131591796875,0.199951171875,0.171630859375
-0.1026611328125,0.192138671875,0.150390625
-0.06317138671875,0.1737060546875,0.150390625
-0.04473876953125,0.1473388671875,0.1424560546875
0.023681640625,0.12103271484375,0.11590576171875
0.04473876953125,0.084228515625,0.11053466796875
0.07891845703125,0.0421142578125,0.06573486328125
0.1500244140625,-0.0052642822265625,0.0391845703125
0.1737060546875,-0.04473876953125,0.007404327392578125
0.205322265625,-0.07366943359375,-0.0189971923828125
0.2342529296875,-0.1236572265625,-0.042877197265625
0.268310546875,-0.1395263671875,-0.0850830078125
0.286865234375,-0.1578369140625,-0.0904541015625
0.26318359375,-0.16845703125,-0.1378173828125
0.2420654296875,-0.1737060546875,-0.14306640625
0.2210693359375,-0.1632080078125,-0.15087890625
0.1842041015625,-0.1395263671875,-0.15087890625
0.165771484375,-0.1131591796875,-0.126953125
0.10528564453125,-0.07366943359375,-0.1007080078125
0.071044921875,-0.039459228515625,-0.0794677734375
0.01316070556640625,-0.0052642822265625,-0.0606689453125
-0.039459228515625,0.034210205078125,-0.0369873046875
-0.084228515625,0.071044921875,-0.0025348663330078125
-0.0999755859375,0.08160400390625,0.04241943359375
-0.0999755859375,0.131591796875,0.09515380859375
-0.1552734375,0.1552734375,0.10321044921875
-0.1737060546875,0.1236572265625,0.09259033203125
-0.152587890625,0.1131591796875,0.1136474609375
-0.1368408203125,0.0999755859375,0.12939453125
-0.08685302734375,0.057891845703125,0.126708984375
-0.039459228515625,0.0184173583984375,0.08172607421875
0.0157928466796875,-0.0421142578125,0.06585693359375
0.0947265625,-0.0999755859375,0.04986572265625
0.1578369140625,-0.165771484375,0.00203704833984375
0.2236328125,-0.2183837890625,-0.08245849609375
0.294677734375,-0.2841796875,-0.124755859375
0.3447265625,-0.3447265625,-0.1669921875
0.38427734375,-0.3974609375,-0.21728515625
0.3974609375,-0.428955078125,-0.283203125
0.423583984375,-0.436767578125,-0.29638671875
0.4052734375,-0.46044921875,-0.3701171875
0.368408203125,-0.4658203125,-0.404541015625
0.355224609375,-0.4580078125,-0.404541015625
0.321044921875,-0.436767578125,-0.412353515625
0.281494140625,-0.421142578125,-0.404052734375
0.2183837890625,-0.39990234375,-0.4013671875
0.1815185546875,-0.363037109375,-0.356689453125
0.1236572265625,-0.315673828125,-0.353759765625
0.057891845703125,-0.2447509765625,-0.30078125
0.0157928466796875,-0.2078857421875,-0.255859375
-0.055267333984375,-0.144775390625,-0.20849609375
-0.118408203125,-0.10791015625,-0.158203125
-0.1710205078125,-0.04473876953125,-0.10791015625
-0.23681640625,0.00263214111328125,-0.0865478515625
-0.294677734375,0.060516357421875,-0.03631591796875
-0.355224609375,0.118408203125,0.0033664703369140625
-0.4052734375,0.16845703125,0.0562744140625
-0.449951171875,0.2447509765625,0.08795166015625
-0.49462890625,0.307861328125,0.14599609375
-0.5263671875,0.368408203125,0.1937255859375
-0.54736328125,0.449951171875,0.264892578125
-0.60791015625,0.4736328125,0.27294921875
-0.61328125,0.52099609375,0.349609375
-0.63134765625,0.59228515625,0.391845703125
-0.63134765625,0.61865234375,0.43408203125
-0.62353515625,0.63671875,0.457763671875
-0.59716796875,0.65283203125,0.4970703125
-0.552734375,0.65283203125,0.51806640625
-0.5078125,0.62890625,0.51806640625
-0.41845703125,0.56591796875,0.50732421875
-0.328857421875,0.5,0.46484375
-0.2158203125,0.434326171875,0.43017578125
-0.08160400390625,0.302734375,0.35888671875
0.0052642822265625,0.1341552734375,0.25830078125
0.1368408203125,-0.0157928466796875,0.1839599609375
0.2841796875,-0.1605224609375,0.06256103515625
0.434326171875,-0.279052734375,-0.035369873046875
0.56591796875,-0.368408203125,-0.13330078125
0.6396484375,-0.468505859375,-0.2548828125
0.6708984375,-0.54736328125,-0.326171875
0.71826171875,-0.59228515625,-0.376220703125
0.7158203125,-0.62353515625,-0.44482421875
0.6787109375,-0.64208984375,-0.463134765625
0.64208984375,-0.64208984375,-0.4921875
0.5791015625,-0.61865234375,-0.499755859375
0.52880859375,-0.58154296875,-0.49462890625
0.44482421875,-0.54736328125,-0.4892578125
0.3525390625,-0.5,-0.472900390625
0.2578125,-0.45263671875,-0.42822265625
0.189453125,-0.41064453125,-0.38037109375
0.1395263671875,-0.3369140625,-0.3486328125
0.0421142578125,-0.260498046875,-0.282470703125
-0.0421142578125,-0.20263671875,-0.2294921875
-0.10791015625,-0.165771484375,-0.168701171875
-0.17626953125,-0.1263427734375,-0.12890625
-0.2078857421875,-0.034210205078125,-0.044464111328125
-0.260498046875,0.0,-0.017822265625
-0.360595703125,0.023681640625,0.0086517333984375
-0.38427734375,0.084228515625,0.053619384765625
-0.41845703125,0.14208984375,0.11968994140625
-0.46044921875,0.1737060546875,0.1434326171875
-0.47900390625,0.2183837890625,0.193603515625
-0.4921875,0.25,0.225341796875
-0.5107421875,0.281494140625,0.246337890625
-0.50537109375,0.315673828125,0.270263671875
-0.489501953125,0.33935546875,0.304443359375
-0.449951171875,0.37109375,0.320068359375
-0.431640625,0.37109375,0.33056640625
-0.373779296875,0.355224609375,0.348876953125
-0.315673828125,0.355224609375,0.348876953125
-0.2315673828125,0.328857421875,0.324951171875
-0.178955078125,0.28955078125,0.2958984375
-0.1236572265625,0.2342529296875,0.2454833984375
-0.0184173583984375,0.178955078125,0.1951904296875
0.07366943359375,0.11578369140625,0.1368408203125
0.1842041015625,0.06842041015625,0.09185791015625
0.265869140625,0.0157928466796875,0.06781005859375
0.321044921875,-0.02105712890625,0.01751708984375
0.35791015625,-0.07891845703125,-0.035125732421875
0.35791015625,-0.1263427734375,-0.0985107421875
0.37109375,-0.144775390625,-0.1380615234375
0.355224609375,-0.165771484375,-0.156494140625
0.355224609375,-0.16845703125,-0.1644287109375
0.35009765625,-0.1578369140625,-0.1907958984375
0.307861328125,-0.14208984375,-0.1907958984375
0.286865234375,-0.131591796875,-0.1614990234375
0.2210693359375,-0.118408203125,-0.148193359375
0.1842041015625,-0.08160400390625,-0.135009765625
0.131591796875,-0.04736328125,-0.1004638671875
0.06842041015625,-0.031585693359375,-0.1004638671875
0.036834716796875,0.0157928466796875,-0.06610107421875
-0.023681640625,0.055267333984375,-0.0263519287109375
-0.08685302734375,0.055267333984375,-0.0263519287109375
-0.131591796875,0.08685302734375,0.013336181640625
-0.1395263671875,0.10528564453125,0.050384521484375
-0.178955078125,0.11578369140625,0.053131103515625
-0.189453125,0.1236572265625,0.07159423828125
-0.189453125,0.14208984375,0.0794677734375
-0.189453125,0.1395263671875,0.0794677734375
-0.1842041015625,0.1368408203125,0.1031494140625
-0.1737060546875,0.12103271484375,0.09521484375
-0.1552734375,0.09210205078125,0.08203125
-0.118408203125,0.06842041015625,0.07403564453125
-0.084228515625,0.036834716796875,0.050140380859375
-0.034210205078125,0.010528564453125,0.050140380859375
0.00263214111328125,-0.0184173583984375,0.013153076171875
0.039459228515625,-0.06317138671875,-0.03179931640625
0.06842041015625,-0.09210205078125,-0.06353759765625
0.12890625,-0.14208984375,-0.07952880859375
0.16845703125,-0.1737060546875,-0.111328125
0.1842041015625,-0.1868896484375,-0.1270751953125
0.20263671875,-0.20263671875,-0.171875
0.2158203125,-0.2183837890625,-0.1668701171875
0.2315673828125,-0.213134765625,-0.1668701171875
0.2315673828125,-0.2342529296875,-0.1773681640625
0.2210693359375,-0.226318359375,-0.1827392578125
0.1947021484375,-0.2078857421875,-0.2010498046875
0.152587890625,-0.1842041015625,-0.2034912109375
0.1131591796875,-0.1632080078125,-0.19287109375
0.0947265625,-0.1368408203125,-0.1768798828125
0.039459228515625,-0.09210205078125,-0.150390625
0.00263214111328125,-0.052642822265625,-0.121337890625
-0.04473876953125,-0.0157928466796875,-0.09490966796875
-0.0999755859375,0.0289459228515625,-0.0869140625
-0.1368408203125,0.057891845703125,-0.0472412109375
-0.1632080078125,0.1026611328125,-0.015533447265625
-0.1815185546875,0.1500244140625,0.031951904296875
-0.23681640625,0.1632080078125,0.042694091796875
-0.2763671875,0.178955078125,0.050628662109375
-0.286865234375,0.2158203125,0.0770263671875
-0.294677734375,0.252685546875,0.1114501953125
-0.318359375,0.294677734375,0.1748046875
-0.321044921875,0.307861328125,0.18798828125
-0.321044921875,0.313232421875,0.203857421875
-0.30517578125,0.321044921875,0.230224609375
-0.286865234375,0.334228515625,0.232666015625
-0.286865234375,0.3369140625,0.2406005859375
-0.260498046875,0.313232421875,0.2457275390625
-0.213134765625,0.30517578125,0.27197265625
-0.1710205078125,0.27099609375,0.27197265625
-0.1026611328125,0.2315673828125,0.256103515625
-0.0762939453125,0.1842041015625,0.21630859375
-0.00789642333984375,0.12103271484375,0.2056884765625
0.07366943359375,0.0657958984375,0.1658935546875
0.1632080078125,0.01316070556640625,0.134033203125
0.247314453125,-0.0421142578125,0.11541748046875
0.2919921875,-0.10528564453125,0.0177001953125
0.3447265625,-0.1710205078125,0.0018062591552734375
0.402587890625,-0.239501953125,-0.082763671875
0.431640625,-0.307861328125,-0.1435546875
0.481689453125,-0.342041015625,-0.185791015625
0.4921875,-0.368408203125,-0.230712890625
0.49462890625,-0.41845703125,-0.296630859375
0.5107421875,-0.439453125,-0.31787109375
0.5107421875,-0.4580078125,-0.367919921875
0.4921875,-0.468505859375,-0.380859375
0.44482421875,-0.47900390625,-0.3994140625
0.402587890625,-0.48681640625,-0.42041015625
0.363037109375,-0.48681640625,-0.427978515625
0.28955078125,-0.470947265625,-0.433349609375
0.247314453125,-0.439453125,-0.39892578125
0.1842041015625,-0.39208984375,-0.3671875
0.1263427734375,-0.3447265625,-0.353515625
-0.0157928466796875,-0.33154296875,-0.324462890625
-0.10528564453125,-0.247314453125,-0.29541015625
-0.178955078125,-0.1842041015625,-0.2027587890625
-0.260498046875,-0.11053466796875,-0.160400390625
-0.360595703125,-0.0184173583984375,-0.10467529296875
-0.447265625,0.04998779296875,-0.025390625
-0.52099609375,0.11053466796875,0.0115509033203125
-0.55810546875,0.1842041015625,0.08294677734375
-0.63671875,0.260498046875,0.130615234375
-0.65771484375,0.321044921875,0.201904296875
-0.666015625,0.368408203125,0.2783203125
-0.6474609375,0.41064453125,0.31005859375
-0.64990234375,0.423583984375,0.346923828125
-0.61328125,0.41845703125,0.386474609375
-0.54736328125,0.407958984375,0.396728515625
-0.48681640625,0.376220703125,0.367919921875
-0.39990234375,0.321044921875,0.346435546875
-0.33935546875,0.2447509765625,0.291015625
-0.2105712890625,0.1737060546875,0.261474609375
-0.11053466796875,0.084228515625,0.1795654296875
0.01316070556640625,0.039459228515625,0.11859130859375
0.0894775390625,-0.039459228515625,0.05767822265625
0.1605224609375,-0.11053466796875,0.007568359375
0.1973876953125,-0.1473388671875,-0.053253173828125
0.273681640625,-0.192138671875,-0.074462890625
0.30517578125,-0.2158203125,-0.11956787109375
0.30517578125,-0.22900390625,-0.1512451171875
0.310546875,-0.2447509765625,-0.1407470703125
0.307861328125,-0.2420654296875,-0.1591796875
0.302734375,-0.23681640625,-0.2012939453125
0.2447509765625,-0.213134765625,-0.2037353515625
0.2315673828125,-0.1947021484375,-0.1800537109375
0.1868896484375,-0.16845703125,-0.1588134765625
0.14208984375,-0.1395263671875,-0.13232421875
0.1026611328125,-0.1026611328125,-0.10064697265625
0.04998779296875,-0.08685302734375,-0.06878662109375
0.0289459228515625,-0.06317138671875,-0.050262451171875
-0.00789642333984375,0.00263214111328125,-0.013336181640625
-0.0421142578125,0.00789642333984375,0.010589599609375
-0.071044921875,0.0421142578125,0.037017822265625
-0.0762939453125,0.052642822265625,0.08441162109375
-0.07366943359375,0.060516357421875,0.08453369140625
-0.071044921875,0.057891845703125,0.09771728515625
-0.08160400390625,0.04998779296875,0.09771728515625
-0.06317138671875,0.04998779296875,0.094970703125
-0.052642822265625,0.04473876953125,0.0975341796875
-0.0263214111328125,0.02105712890625,0.0975341796875
-0.00263214111328125,0.01316070556640625,0.07904052734375
0.0184173583984375,-0.01316070556640625,0.031585693359375
0.034210205078125,-0.04473876953125,0.015625
0.0657958984375,-0.04473876953125,-0.00013339519500732422
0.0894775390625,-0.057891845703125,0.0023708343505859375
0.0999755859375,-0.057891845703125,-0.00301361083984375
0.1263427734375,-0.055267333984375,-0.03997802734375
0.1263427734375,-0.04998779296875,-0.04254150390625
0.11053466796875,-0.034210205078125,-0.08477783203125
0.1026611328125,-0.00789642333984375,-0.07958984375
0.07891845703125,0.0052642822265625,-0.071533203125
0.0421142578125,0.034210205078125,-0.06878662109375
0.0184173583984375,0.0762939453125,-0.0396728515625
-0.0052642822265625,0.11053466796875,-0.0291290283203125
-0.039459228515625,0.1368408203125,-0.03155517578125
-0.0762939453125,0.1552734375,-0.02099609375
-0.08160400390625,0.1815185546875,0.026519775390625
-0.1341552734375,0.199951171875,0.04229736328125
-0.144775390625,0.2342529296875,0.07672119140625
-0.1473388671875,0.239501953125,0.08990478515625
-0.1473388671875,0.23681640625,0.08465576171875
-0.1473388671875,0.2420654296875,0.10040283203125
-0.1395263671875,0.23681640625,0.1136474609375
-0.14208984375,0.1868896484375,0.1136474609375
-0.1368408203125,0.1500244140625,0.11370849609375
-0.084228515625,0.12890625,0.100341796875
-0.071044921875,0.09735107421875,0.07647705078125
-0.0263214111328125,0.060516357421875,0.058013916015625
-0.0052642822265625,0.0289459228515625,0.052642822265625
0.04736328125,0.0052642822265625,0.03143310546875
0.04736328125,-0.0421142578125,-0.00023663043975830078
0.0762939453125,-0.0762939453125,-0.00817108154296875
0.12890625,-0.10791015625,-0.00817108154296875
0.1395263671875,-0.14208984375,-0.024078369140625
0.1632080078125,-0.1737060546875,-0.034820556640625
0.165771484375,-0.189453125,-0.07958984375
0.152587890625,-0.2210693359375,-0.11114501953125
0.152587890625,-0.22900390625,-0.1348876953125
0.1868896484375,-0.2420654296875,-0.135009765625
0.189453125,-0.247314453125,-0.1561279296875
0.1947021484375,-0.252685546875,-0.140380859375
0.1842041015625,-0.25,-0.148193359375
0.152587890625,-0.252685546875,-0.169189453125
0.131591796875,-0.25537109375,-0.166748046875
0.12103271484375,-0.2105712890625,-0.126953125
0.09210205078125,-0.20263671875,-0.1480712890625
0.0657958984375,-0.17626953125,-0.1268310546875
0.02105712890625,-0.14208984375,-0.08978271484375
-0.02105712890625,-0.0947265625,-0.1029052734375
-0.084228515625,-0.06317138671875,-0.0921630859375
-0.0947265625,-0.010528564453125,-0.0209808349609375
-0.14208984375,0.055267333984375,0.0160980224609375
-0.1815185546875,0.1263427734375,0.0293426513671875
-0.2315673828125,0.1605224609375,0.06378173828125
-0.27099609375,0.2210693359375,0.1270751953125
-0.2919921875,0.265869140625,0.1641845703125
-0.315673828125,0.302734375,0.208984375
-0.313232421875,0.36572265625,0.2353515625
-0.33154296875,0.37890625,0.2459716796875
-0.33154296875,0.376220703125,0.264404296875
-0.28955078125,0.389404296875,0.301025390625
-0.25,0.37109375,0.324951171875
-0.199951171875,0.33935546875,0.3115234375
-0.14208984375,0.318359375,0.2587890625
-0.1026611328125,0.25537109375,0.2296142578125
-0.0421142578125,0.1842041015625,0.18994140625
0.036834716796875,0.0947265625,0.136962890625
0.1473388671875,0.0421142578125,0.120849609375
0.2078857421875,-0.02105712890625,0.054840087890625
0.294677734375,-0.08160400390625,0.0124053955078125
0.33154296875,-0.144775390625,-0.03240966796875
0.373779296875,-0.2158203125,-0.10638427734375
0.41064453125,-0.26318359375,-0.148681640625
0.41064453125,-0.30517578125,-0.193603515625
0.436767578125,-0.313232421875,-0.2147216796875
0.431640625,-0.334228515625,-0.2384033203125
0.4130859375,-0.334228515625,-0.259521484375
0.37890625,-0.318359375,-0.285888671875
0.318359375,-0.30517578125,-0.285888671875
0.273681640625,-0.2919921875,-0.251220703125
0.239501953125,-0.25537109375,-0.22998046875
0.16845703125,-0.213134765625,-0.20361328125
0.12890625,-0.1552734375,-0.150634765625
0.031585693359375,-0.12103271484375,-0.1400146484375
-0.039459228515625,-0.0657958984375,-0.11328125
-0.1368408203125,-0.0184173583984375,-0.078857421875
-0.20263671875,0.036834716796875,-0.0208740234375
-0.268310546875,0.12890625,0.0268096923828125
-0.363037109375,0.1868896484375,0.05877685546875
-0.442138671875,0.273681640625,0.11700439453125
-0.49462890625,0.33154296875,0.1883544921875
-0.53662109375,0.37109375,0.2491455078125
-0.56298828125,0.45263671875,0.304443359375
-0.59716796875,0.49462890625,0.367919921875
-0.63134765625,0.50244140625,0.399658203125
-0.6103515625,0.5419921875,0.452392578125
-0.57373046875,0.5498046875,0.5078125
-0.5341796875,0.5107421875,0.5078125
-0.455322265625,0.4580078125,0.48095703125
-0.35009765625,0.386962890625,0.446533203125
-0.199951171875,0.307861328125,0.39599609375
-0.1026611328125,0.1815185546875,0.3349609375
0.04736328125,0.052642822265625,0.26611328125
0.17626953125,-0.06842041015625,0.152587890625
0.33154296875,-0.1868896484375,0.054229736328125
0.468505859375,-0.28955078125,-0.06707763671875
0.56591796875,-0.37109375,-0.1702880859375
0.63427734375,-0.436767578125,-0.24169921875
0.66845703125,-0.481689453125,-0.291748046875
0.681640625,-0.5263671875,-0.3603515625
0.681640625,-0.5341796875,-0.410400390625
0.63134765625,-0.5263671875,-0.442138671875
0.6103515625,-0.5078125,-0.431396484375
0.544921875,-0.455322265625,-0.43896484375
0.46044921875,-0.402587890625,-0.436279296875
0.376220703125,-0.35009765625,-0.40185546875
0.2763671875,-0.310546875,-0.348876953125
0.1973876953125,-0.22900390625,-0.306396484375
0.1473388671875,-0.165771484375,-0.251220703125
0.060516357421875,-0.09210205078125,-0.2059326171875
-0.039459228515625,-0.01316070556640625,-0.150390625
-0.1368408203125,0.0289459228515625,-0.07891845703125
-0.2078857421875,0.0894775390625,-0.02587890625
-0.265869140625,0.1578369140625,0.055908203125
-0.32373046875,0.2210693359375,0.0928955078125
-0.347412109375,0.281494140625,0.17236328125
-0.421142578125,0.321044921875,0.1749267578125
-0.434326171875,0.36572265625,0.23828125
-0.46044921875,0.421142578125,0.27001953125
-0.481689453125,0.442138671875,0.312255859375
-0.49462890625,0.4736328125,0.343994140625
-0.4921875,0.49462890625,0.378173828125
-0.4736328125,0.49462890625,0.391357421875
-0.421142578125,0.5107421875,0.41748046875
-0.389404296875,0.515625,0.414794921875
-0.35009765625,0.48681640625,0.401611328125
-0.300048828125,0.439453125,0.383056640625
-0.23681640625,0.3974609375,0.359130859375
-0.1473388671875,0.35009765625,0.329833984375
-0.07891845703125,0.279052734375,0.27978515625
-0.00263214111328125,0.2105712890625,0.250732421875
0.07366943359375,0.1341552734375,0.210693359375
0.16845703125,0.04998779296875,0.1392822265625
0.2447509765625,-0.0421142578125,0.070556640625
0.334228515625,-0.0999755859375,0.02020263671875
0.41845703125,-0.165771484375,-0.0142364501953125
0.463134765625,-0.239501953125,-0.06182861328125
0.4921875,-0.321044921875,-0.146240234375
0.5185546875,-0.35791015625,-0.217529296875
0.53955078125,-0.38427734375,-0.25732421875
0.53662109375,-0.421142578125,-0.309814453125
0.52880859375,-0.455322265625,-0.3466796875
0.5107421875,-0.468505859375,-0.373291015625
0.51318359375,-0.476318359375,-0.37841796875
0.4736328125,-0.470947265625,-0.3837890625
0.442138671875,-0.46044921875,-0.4072265625
0.39208984375,-0.4580078125,-0.4150390625
0.32373046875,-0.436767578125,-0.4150390625
0.279052734375,-0.421142578125,-0.393798828125
0.20263671875,-0.394775390625,-0.393798828125
0.1578369140625,-0.3525390625,-0.38818359375
0.09735107421875,-0.321044921875,-0.340576171875
0.04473876953125,-0.281494140625,-0.3193359375
-0.0184173583984375,-0.2315673828125,-0.27978515625
-0.08685302734375,-0.2105712890625,-0.266357421875
-0.1737060546875,-0.1737060546875,-0.2449951171875
-0.2210693359375,-0.10528564453125,-0.1737060546875
-0.30517578125,-0.06842041015625,-0.15234375
-0.334228515625,-0.02105712890625,-0.09954833984375
-0.376220703125,0.07366943359375,-0.0255584716796875
-0.434326171875,0.118408203125,0.0220184326171875
-0.49462890625,0.192138671875,0.074951171875
-0.5498046875,0.252685546875,0.12261962890625
-0.59716796875,0.310546875,0.1885986328125
-0.62646484375,0.3974609375,0.2440185546875
-0.66845703125,0.46044921875,0.29150390625
-0.68408203125,0.53173828125,0.384033203125
-0.705078125,0.60546875,0.44482421875
-0.70263671875,0.6552734375,0.51318359375
-0.697265625,0.71337890625,0.57373046875
-0.673828125,0.7392578125,0.59765625
-0.6396484375,0.7392578125,0.62646484375
-0.576171875,0.72900390625,0.65283203125
-0.49462890625,0.689453125,0.64697265625
-0.386962890625,0.61328125,0.62060546875
-0.23681640625,0.51318359375,0.578125
-0.084228515625,0.368408203125,0.474853515625
0.0947265625,0.213134765625,0.361083984375
0.2763671875,0.055267333984375,0.2498779296875
0.476318359375,-0.118408203125,0.1544189453125
0.62646484375,-0.279052734375,-0.006805419921875
0.7685546875,-0.428955078125,-0.1759033203125
0.88134765625,-0.55517578125,-0.297607421875
0.96044921875,-0.64990234375,-0.38232421875
1.0,-0.71826171875,-0.485107421875
1.0,-0.75244140625,-0.53515625
0.96044921875,-0.7841796875,-0.595703125
0.9130859375,-0.7919921875,-0.625
0.86572265625,-0.7607421875,-0.63525390625
0.810546875,-0.705078125,-0.619140625
0.68701171875,-0.689453125,-0.6240234375
0.568359375,-0.61328125,-0.6025390625
0.4658203125,-0.5419921875,-0.5341796875
0.334228515625,-0.49462890625,-0.486083984375
0.2447509765625,-0.39208984375,-0.43310546875
0.1578369140625,-0.300048828125,-0.36962890625
0.08685302734375,-0.1947021484375,-0.263671875
-0.060516357421875,-0.1341552734375,-0.213623046875
-0.1815185546875,-0.060516357421875,-0.14208984375
-0.286865234375,0.0263214111328125,-0.0626220703125
-0.368408203125,0.118408203125,-0.0150604248046875
-0.439453125,0.20263671875,0.02984619140625
-0.5263671875,0.26318359375,0.10400390625
-0.58935546875,0.33154296875,0.151611328125
-0.65771484375,0.3974609375,0.19921875
-0.681640625,0.455322265625,0.2783203125
-0.69482421875,0.4921875,0.299560546875
-0.71826171875,0.5263671875,0.35498046875
-0.7158203125,0.552734375,0.370849609375
-0.66845703125,0.56591796875,0.423583984375
-0.63671875,0.56591796875,0.423583984375
-0.60791015625,0.544921875,0.409912109375
-0.52392578125,0.5078125,0.402099609375
-0.45263671875,0.470947265625,0.391357421875
-0.342041015625,0.439453125,0.367431640625
-0.265869140625,0.38427734375,0.3486328125
-0.1868896484375,0.334228515625,0.3037109375
-0.1263427734375,0.273681640625,0.2666015625
-0.0052642822265625,0.2342529296875,0.2110595703125
0.0421142578125,0.1710205078125,0.1923828125
0.084228515625,0.1395263671875,0.1552734375
0.152587890625,0.1263427734375,0.11578369140625
0.1737060546875,0.09210205078125,0.0760498046875
0.199951171875,0.07891845703125,0.04693603515625
0.2447509765625,0.07891845703125,0.033721923828125
0.247314453125,0.036834716796875,0.033599853515625
0.239501953125,0.023681640625,-0.011138916015625
0.2236328125,0.0157928466796875,-0.0165252685546875
0.239501953125,-0.00789642333984375,-0.0191802978515625
0.281494140625,-0.0157928466796875,-0.013824462890625
0.279052734375,-0.0289459228515625,-0.0244293212890625
0.279052734375,-0.052642822265625,-0.04290771484375
0.279052734375,-0.07891845703125,-0.04290771484375
0.294677734375,-0.118408203125,-0.06402587890625
0.302734375,-0.1632080078125,-0.098388671875
0.328857421875,-0.2105712890625,-0.1168212890625
0.36572265625,-0.247314453125,-0.1275634765625
0.376220703125,-0.2841796875,-0.1513671875
0.373779296875,-0.32373046875,-0.1961669921875
0.39208984375,-0.33154296875,-0.1934814453125
0.394775390625,-0.368408203125,-0.2093505859375
0.3974609375,-0.368408203125,-0.2410888671875
0.389404296875,-0.360595703125,-0.2646484375
0.33154296875,-0.355224609375,-0.2646484375
0.2841796875,-0.3525390625,-0.296142578125
0.260498046875,-0.302734375,-0.25634765625
0.213134765625,-0.26318359375,-0.2509765625
0.1500244140625,-0.2420654296875,-0.2457275390625
0.11578369140625,-0.1842041015625,-0.1900634765625
0.0157928466796875,-0.131591796875,-0.1505126953125
-0.00263214111328125,-0.04736328125,-0.1239013671875
-0.08160400390625,0.023681640625,-0.0975341796875
-0.1605224609375,0.084228515625,-0.044586181640625
-0.22900390625,0.14208984375,-0.004718780517578125
-0.321044921875,0.2078857421875,0.02703857421875
-0.3525390625,0.279052734375,0.11419677734375
-0.415771484375,0.33935546875,0.1431884765625
-0.449951171875,0.38427734375,0.1961669921875
-0.468505859375,0.439453125,0.27001953125
-0.497314453125,0.50244140625,0.33349609375
-0.5263671875,0.5107421875,0.365234375
-0.53955078125,0.5185546875,0.38623046875
-0.5107421875,0.5498046875,0.415283203125
-0.5,0.54736328125,0.441650390625
-0.463134765625,0.49462890625,0.441650390625
-0.39208984375,0.4580078125,0.42822265625
-0.347412109375,0.39208984375,0.393798828125
-0.273681640625,0.321044921875,0.3671875
-0.1737060546875,0.25,0.32470703125
-0.06317138671875,0.1578369140625,0.27978515625
0.04736328125,0.06317138671875,0.2132568359375
0.1605224609375,-0.02105712890625,0.102294921875
0.23681640625,-0.1263427734375,0.0257415771484375
0.3447265625,-0.2183837890625,-0.045623779296875
0.428955078125,-0.32373046875,-0.1434326171875
0.5,-0.39208984375,-0.1937255859375
0.5419921875,-0.431640625,-0.2783203125
0.56591796875,-0.48681640625,-0.325927734375
0.576171875,-0.5078125,-0.37060546875
0.576171875,-0.52099609375,-0.410400390625
0.54736328125,-0.51318359375,-0.412841796875
0.51318359375,-0.497314453125,-0.42333984375
0.468505859375,-0.484130859375,-0.423095703125
0.386962890625,-0.455322265625,-0.417724609375
0.3525390625,-0.423583984375,-0.346435546875
0.265869140625,-0.36572265625,-0.317138671875
0.20263671875,-0.28955078125,-0.277587890625
0.0947265625,-0.247314453125,-0.229736328125
0.04473876953125,-0.178955078125,-0.166259765625
-0.039459228515625,-0.11578369140625,-0.1265869140625
-0.12103271484375,-0.060516357421875,-0.1026611328125
-0.1710205078125,-0.0052642822265625,-0.028656005859375
-0.23681640625,0.04736328125,0.005802154541015625
-0.286865234375,0.084228515625,0.021728515625
-0.310546875,0.131591796875,0.07183837890625
-0.326416015625,0.1605224609375,0.1087646484375
-0.376220703125,0.1605224609375,0.09307861328125
-0.376220703125,0.17626953125,0.11419677734375
-0.328857421875,0.2105712890625,0.132568359375
-0.328857421875,0.2105712890625,0.1431884765625
-0.315673828125,0.2236328125,0.1695556640625
-0.294677734375,0.2158203125,0.1746826171875
-0.260498046875,0.2078857421875,0.1534423828125
-0.247314453125,0.1973876953125,0.1561279296875
-0.192138671875,0.192138671875,0.169189453125
-0.1710205078125,0.1737060546875,0.1322021484375
-0.152587890625,0.1473388671875,0.126953125
-0.12890625,0.131591796875,0.1268310546875
-0.08685302734375,0.131591796875,0.1265869140625
-0.04473876953125,0.118408203125,0.1239013671875
-0.01316070556640625,0.1026611328125,0.08697509765625
-0.00789642333984375,0.0894775390625,0.08966064453125
0.0157928466796875,0.052642822265625,0.07098388671875
0.060516357421875,0.04736328125,0.08685302734375
0.060516357421875,0.0421142578125,0.05255126953125
0.07891845703125,0.0289459228515625,0.04986572265625
0.1026611328125,0.0289459228515625,0.04986572265625
0.12103271484375,0.0263214111328125,0.0550537109375
0.1131591796875,0.023681640625,0.0259246826171875
0.10791015625,0.0184173583984375,0.0259246826171875
0.1395263671875,0.0289459228515625,0.036529541015625
0.144775390625,0.0263214111328125,0.025909423828125
0.131591796875,0.0263214111328125,0.007541656494140625
0.1263427734375,0.0289459228515625,-0.00823974609375
0.1473388671875,0.023681640625,0.007427215576171875
0.1395263671875,0.01316070556640625,0.007427215576171875
0.1341552734375,0.01316070556640625,-0.0214385986328125
0.1605224609375,-0.0157928466796875,-0.0214385986328125
0.1737060546875,-0.023681640625,-0.034759521484375
0.1868896484375,-0.0421142578125,-0.06646728515625
0.199951171875,-0.07366943359375,-0.0665283203125
0.192138671875,-0.14208984375,-0.12188720703125
0.1947021484375,-0.17626953125,-0.1534423828125
0.205322265625,-0.1868896484375,-0.1614990234375
0.2210693359375,-0.2105712890625,-0.1983642578125
0.22900390625,-0.2342529296875,-0.1932373046875
0.2078857421875,-0.226318359375,-0.1932373046875
0.1710205078125,-0.2210693359375,-0.240478515625
0.1263427734375,-0.2210693359375,-0.21923828125
0.0999755859375,-0.199951171875,-0.21142578125
0.039459228515625,-0.1632080078125,-0.2032470703125
-0.010528564453125,-0.1368408203125,-0.192626953125
-0.071044921875,-0.08685302734375,-0.136962890625
-0.1473388671875,-0.036834716796875,-0.10260009765625
-0.17626953125,0.023681640625,-0.055084228515625
-0.2105712890625,0.071044921875,0.01088714599609375
-0.29736328125,0.11578369140625,0.0243377685546875
-0.315673828125,0.1737060546875,0.06658935546875
-0.33935546875,0.1868896484375,0.1009521484375
-0.347412109375,0.205322265625,0.140625
-0.373779296875,0.2078857421875,0.16162109375
-0.35791015625,0.1973876953125,0.1749267578125
-0.30517578125,0.1737060546875,0.1800537109375
-0.281494140625,0.1500244140625,0.1666259765625
-0.2078857421875,0.10791015625,0.148193359375
-0.14208984375,0.039459228515625,0.12420654296875
-0.07366943359375,0.0,0.087158203125
-0.036834716796875,-0.055267333984375,0.023651123046875
0.031585693359375,-0.11053466796875,0.01055145263671875
0.0894775390625,-0.1500244140625,-0.042510986328125
0.12103271484375,-0.2078857421875,-0.09259033203125
0.1473388671875,-0.2315673828125,-0.1060791015625
0.1737060546875,-0.23681640625,-0.1165771484375
0.189453125,-0.23681640625,-0.1351318359375
0.165771484375,-0.23681640625,-0.1534423828125
0.1632080078125,-0.2078857421875,-0.1455078125
0.12890625,-0.17626953125,-0.171630859375
0.0421142578125,-0.1578369140625,-0.171875
0.034210205078125,-0.0999755859375,-0.1162109375
0.00789642333984375,-0.036834716796875,-0.06341552734375
-0.04998779296875,0.0157928466796875,-0.039459228515625
-0.11053466796875,0.084228515625,0.01071929931640625
-0.14208984375,0.165771484375,0.07403564453125
-0.1973876953125,0.2210693359375,0.11639404296875
-0.23681640625,0.27099609375,0.1561279296875
-0.27099609375,0.315673828125,0.1956787109375
-0.281494140625,0.35791015625,0.251220703125
-0.281494140625,0.389404296875,0.30126953125
-0.2919921875,0.389404296875,0.317138671875
-0.26318359375,0.389404296875,0.332763671875
-0.2342529296875,0.35009765625,0.330078125
-0.1737060546875,0.318359375,0.33251953125
-0.10791015625,0.2763671875,0.33251953125
-0.036834716796875,0.199951171875,0.311279296875
0.057891845703125,0.1131591796875,0.2529296875
0.1263427734375,0.04736328125,0.21337890625
0.1868896484375,-0.039459228515625,0.1524658203125
0.281494140625,-0.11578369140625,0.08367919921875
0.3525390625,-0.1842041015625,0.025482177734375
0.394775390625,-0.252685546875,-0.035400390625
0.434326171875,-0.307861328125,-0.10394287109375
0.455322265625,-0.334228515625,-0.140869140625
0.468505859375,-0.36572265625,-0.2042236328125
0.4580078125,-0.386962890625,-0.2412109375
0.449951171875,-0.38427734375,-0.264892578125
0.442138671875,-0.381591796875,-0.259521484375
0.41064453125,-0.386962890625,-0.298828125
0.33154296875,-0.373779296875,-0.31201171875
0.286865234375,-0.3447265625,-0.309326171875
0.247314453125,-0.321044921875,-0.285400390625
0.2158203125,-0.273681640625,-0.2406005859375
0.1842041015625,-0.22900390625,-0.2403564453125
0.08685302734375,-0.2210693359375,-0.2376708984375
0.0184173583984375,-0.1815185546875,-0.2138671875
-0.039459228515625,-0.1236572265625,-0.1688232421875
-0.12890625,-0.0999755859375,-0.1527099609375
-0.1552734375,-0.052642822265625,-0.09466552734375
-0.1868896484375,-0.0052642822265625,-0.04193115234375
-0.2578125,0.02105712890625,-0.0179290771484375
-0.300048828125,0.057891845703125,0.00588226318359375
-0.3369140625,0.10528564453125,0.037628173828125
-0.368408203125,0.1263427734375,0.085205078125
-0.38427734375,0.1578369140625,0.1114501953125
-0.38427734375,0.1842041015625,0.1590576171875
-0.394775390625,0.1947021484375,0.1695556640625
-0.389404296875,0.1973876953125,0.182861328125
-0.368408203125,0.1973876953125,0.1800537109375
-0.33154296875,0.1973876953125,0.1826171875
-0.300048828125,0.1815185546875,0.1826171875
-0.2578125,0.1473388671875,0.1693115234375
-0.2105712890625,0.12103271484375,0.142822265625
-0.1605224609375,0.10528564453125,0.1268310546875
-0.0947265625,0.07891845703125,0.10577392578125
-0.060516357421875,0.039459228515625,0.0528564453125
-0.039459228515625,0.0,0.02105712890625
0.010528564453125,-0.02105712890625,-0.00269317626953125
0.0184173583984375,-0.036834716796875,-0.04241943359375
0.036834716796875,-0.071044921875,-0.0634765625
0.06317138671875,-0.07366943359375,-0.10833740234375
0.0657958984375,-0.07366943359375,-0.126953125
0.07891845703125,-0.06842041015625,-0.126953125
0.07891845703125,-0.06842041015625,-0.12158203125
0.057891845703125,-0.084228515625,-0.12939453125
0.06842041015625,-0.0762939453125,-0.118896484375
0.071044921875,-0.07366943359375,-0.118896484375
0.071044921875,-0.06317138671875,-0.11102294921875
0.07891845703125,-0.039459228515625,-0.09259033203125
0.06317138671875,-0.039459228515625,-0.0950927734375
0.034210205078125,-0.04473876953125,-0.08197021484375
0.031585693359375,-0.00263214111328125,-0.045013427734375
0.0157928466796875,0.00263214111328125,-0.0396728515625
-0.00263214111328125,0.0184173583984375,-0.03173828125
-0.0157928466796875,0.036834716796875,-0.010650634765625
-0.0289459228515625,0.055267333984375,0.0157928466796875
-0.055267333984375,0.071044921875,0.023773193359375
-0.07366943359375,0.08160400390625,0.073974609375
-0.07366943359375,0.11578369140625,0.1214599609375
-0.07366943359375,0.12890625,0.139892578125
-0.057891845703125,0.14208984375,0.134521484375
-0.057891845703125,0.1368408203125,0.121337890625
-0.055267333984375,0.1236572265625,0.1370849609375
-0.034210205078125,0.10791015625,0.1661376953125
-0.0052642822265625,0.084228515625,0.1343994140625
0.01316070556640625,0.039459228515625,0.10791015625
0.055267333984375,0.00789642333984375,0.089599609375
0.0999755859375,-0.0157928466796875,0.0709228515625
0.1552734375,-0.06842041015625,0.0259246826171875
0.1815185546875,-0.10528564453125,-0.01369476318359375
0.2315673828125,-0.1341552734375,-0.02435302734375
0.247314453125,-0.16845703125,-0.07464599609375
0.247314453125,-0.2078857421875,-0.1246337890625
0.268310546875,-0.22900390625,-0.203857421875
0.2841796875,-0.22900390625,-0.203857421875
0.27099609375,-0.2315673828125,-0.208984375
0.2315673828125,-0.2342529296875,-0.208984375
0.2183837890625,-0.22900390625,-0.20361328125
0.165771484375,-0.2078857421875,-0.24853515625
0.10791015625,-0.1632080078125,-0.2587890625
0.084228515625,-0.1368408203125,-0.2060546875
0.010528564453125,-0.11053466796875,-0.203125
-0.04473876953125,-0.06842041015625,-0.168701171875
-0.07891845703125,-0.00789642333984375,-0.1396484375
-0.1263427734375,0.0184173583984375,-0.110595703125
-0.1842041015625,0.034210205078125,-0.09466552734375
-0.2210693359375,0.060516357421875,-0.05755615234375
-0.252685546875,0.11053466796875,-0.0285797119140625
-0.281494140625,0.1236572265625,0.005771636962890625
-0.2919921875,0.1500244140625,0.0428466796875
-0.300048828125,0.1632080078125,0.07452392578125
-0.318359375,0.165771484375,0.0770263671875
-0.302734375,0.192138671875,0.1300048828125
-0.29736328125,0.192138671875,0.1455078125
-0.307861328125,0.189453125,0.1614990234375
-0.29736328125,0.192138671875,0.206298828125
-0.279052734375,0.1947021484375,0.2196044921875
-0.25537109375,0.192138671875,0.20361328125
-0.23681640625,0.1973876953125,0.1956787109375
-0.2078857421875,0.2078857421875,0.2271728515625
-0.189453125,0.1815185546875,0.2298583984375
-0.1737060546875,0.17626953125,0.232421875
-0.131591796875,0.1632080078125,0.2349853515625
-0.071044921875,0.1368408203125,0.218994140625
-0.031585693359375,0.0947265625,0.195068359375
0.0263214111328125,0.057891845703125,0.152587890625
0.09735107421875,0.00263214111328125,0.1500244140625
0.165771484375,-0.0762939453125,0.0654296875
0.2447509765625,-0.12890625,0.036285400390625
0.29736328125,-0.189453125,-0.0219268798828125
0.360595703125,-0.25,-0.0667724609375
0.415771484375,-0.310546875,-0.122314453125
0.431640625,-0.3447265625,-0.180419921875
0.463134765625,-0.35791015625,-0.225341796875
0.4658203125,-0.38427734375,-0.2332763671875
0.4580078125,-0.394775390625,-0.2490234375
0.455322265625,-0.376220703125,-0.2490234375
0.415771484375,-0.360595703125,-0.259521484375
0.381591796875,-0.33935546875,-0.27001953125
0.334228515625,-0.2763671875,-0.2117919921875
0.310546875,-0.2578125,-0.2115478515625
0.1947021484375,-0.189453125,-0.1904296875
0.152587890625,-0.0999755859375,-0.1112060546875
0.0421142578125,-0.07891845703125,-0.092529296875
-0.02105712890625,0.00263214111328125,-0.0211334228515625
-0.08685302734375,0.07891845703125,0.0318603515625
-0.144775390625,0.1500244140625,0.08209228515625
-0.2078857421875,0.2210693359375,0.10064697265625
-0.265869140625,0.281494140625,0.1561279296875
-0.315673828125,0.347412109375,0.2091064453125
-0.368408203125,0.376220703125,0.2459716796875
-0.368408203125,0.436767578125,0.306640625
-0.389404296875,0.47900390625,0.32275390625
-0.415771484375,0.50537109375,0.364990234375
-0.394775390625,0.5341796875,0.3701171875
-0.373779296875,0.53662109375,0.388427734375
-0.33935546875,0.53173828125,0.388427734375
-0.310546875,0.4921875,0.3857421875
-0.281494140625,0.442138671875,0.356689453125
-0.2210693359375,0.4052734375,0.345947265625
-0.1605224609375,0.35791015625,0.31689453125
-0.10528564453125,0.313232421875,0.2744140625
-0.06317138671875,0.2342529296875,0.23486328125
0.010528564453125,0.1815185546875,0.1844482421875
0.08160400390625,0.10528564453125,0.1790771484375
0.1263427734375,0.02105712890625,0.10516357421875
0.17626953125,-0.0157928466796875,0.06280517578125
0.226318359375,-0.06842041015625,0.036407470703125
0.260498046875,-0.12890625,-0.01398468017578125
0.307861328125,-0.1710205078125,-0.08001708984375
0.328857421875,-0.205322265625,-0.0904541015625
0.36572265625,-0.23681640625,-0.1116943359375
0.36572265625,-0.2578125,-0.15380859375
0.35009765625,-0.26318359375,-0.18017578125
0.342041015625,-0.2578125,-0.1961669921875
0.307861328125,-0.279052734375,-0.240966796875
0.2841796875,-0.279052734375,-0.261962890625
0.2841796875,-0.25,-0.2353515625
0.23681640625,-0.25,-0.2353515625
0.1973876953125,-0.23681640625,-0.219482421875
0.1815185546875,-0.1973876953125,-0.1904296875
0.131591796875,-0.1815185546875,-0.18505859375
0.07891845703125,-0.1552734375,-0.1690673828125
0.034210205078125,-0.131591796875,-0.1346435546875
-0.0157928466796875,-0.1131591796875,-0.12396240234375
-0.0657958984375,-0.0947265625,-0.10015869140625
-0.11053466796875,-0.08160400390625,-0.07635498046875
-0.12103271484375,-0.036834716796875,-0.04986572265625
-0.1552734375,-0.0263214111328125,-0.02874755859375
-0.1710205078125,-0.01316070556640625,-0.007610321044921875
-0.1973876953125,-0.00789642333984375,0.018768310546875
-0.205322265625,0.0,0.00569915771484375
-0.2105712890625,0.00789642333984375,0.00569915771484375
-0.20263671875,0.00789642333984375,-0.0101776123046875
-0.17626953125,0.0,-0.0023288726806640625
-0.1710205078125,-0.0052642822265625,-0.0023288726806640625
-0.1341552734375,0.0,-0.0024433135986328125
-0.1236572265625,-0.0289459228515625,-0.0103912353515625
-0.10528564453125,-0.036834716796875,-0.026214599609375
-0.0894775390625,-0.04736328125,-0.057891845703125
-0.0657958984375,-0.04736328125,-0.06591796875
-0.0421142578125,-0.04736328125,-0.081787109375
-0.034210205078125,-0.04736328125,-0.0843505859375
-0.039459228515625,-0.036834716796875,-0.0816650390625
-0.060516357421875,-0.04736328125,-0.0816650390625
-0.06317138671875,-0.02105712890625,-0.0684814453125
-0.071044921875,0.01316070556640625,-0.057952880859375
-0.0894775390625,0.036834716796875,-0.039398193359375
-0.1026611328125,0.0762939453125,-0.01568603515625
-0.11578369140625,0.118408203125,0.0212554931640625
-0.1473388671875,0.1578369140625,0.04241943359375
-0.192138671875,0.1710205078125,0.071533203125
-0.1737060546875,0.2315673828125,0.1348876953125
-0.1868896484375,0.247314453125,0.1453857421875
-0.205322265625,0.26318359375,0.1744384765625
-0.205322265625,0.294677734375,0.1982421875
-0.189453125,0.315673828125,0.2430419921875
-0.1842041015625,0.315673828125,0.2509765625
-0.1632080078125,0.302734375,0.242919921875
-0.14208984375,0.279052734375,0.229736328125
-0.0947265625,0.2578125,0.2269287109375
-0.04473876953125,0.213134765625,0.21630859375
0.00789642333984375,0.1815185546875,0.19775390625
0.07366943359375,0.12890625,0.173828125
0.10528564453125,0.06317138671875,0.131591796875
0.1552734375,0.01316070556640625,0.1051025390625
0.2342529296875,-0.04998779296875,0.08111572265625
0.2763671875,-0.11578369140625,0.03363037109375
0.321044921875,-0.17626953125,-0.000843048095703125
0.368408203125,-0.2158203125,-0.0484619140625
0.402587890625,-0.26318359375,-0.08807373046875
0.421142578125,-0.2919921875,-0.1302490234375
0.415771484375,-0.33154296875,-0.1724853515625
0.394775390625,-0.36572265625,-0.240966796875
0.4052734375,-0.37890625,-0.246337890625
0.4052734375,-0.373779296875,-0.246337890625
0.373779296875,-0.386962890625,-0.285888671875
0.3447265625,-0.389404296875,-0.291015625
0.302734375,-0.376220703125,-0.31201171875
0.268310546875,-0.35791015625,-0.31201171875
0.22900390625,-0.32373046875,-0.272216796875
0.178955078125,-0.300048828125,-0.2459716796875
0.1500244140625,-0.260498046875,-0.2349853515625
0.055267333984375,-0.2078857421875,-0.2349853515625
-0.0052642822265625,-0.178955078125,-0.1978759765625
-0.071044921875,-0.12103271484375,-0.1475830078125
-0.14208984375,-0.084228515625,-0.139404296875
-0.20263671875,-0.0289459228515625,-0.1104736328125
-0.2420654296875,0.060516357421875,-0.049652099609375
-0.300048828125,0.09735107421875,-0.0310516357421875
-0.360595703125,0.14208984375,0.0244903564453125
-0.38427734375,0.192138671875,0.07733154296875
-0.41845703125,0.25,0.11962890625
-0.44482421875,0.302734375,0.1829833984375
-0.484130859375,0.334228515625,0.206787109375
-0.4921875,0.363037109375,0.25439453125
-0.4921875,0.381591796875,0.285888671875
-0.468505859375,0.394775390625,0.31494140625
-0.45263671875,0.3974609375,0.330810546875
-0.407958984375,0.38427734375,0.359619140625
-0.368408203125,0.363037109375,0.362060546875
-0.30517578125,0.328857421875,0.356689453125
-0.252685546875,0.281494140625,0.3330078125
-0.1973876953125,0.22900390625,0.295654296875
-0.084228515625,0.1710205078125,0.290283203125
-0.010528564453125,0.12103271484375,0.221435546875
0.0894775390625,0.06842041015625,0.1737060546875
0.17626953125,0.031585693359375,0.1658935546875
0.247314453125,-0.02105712890625,0.07574462890625
0.29736328125,-0.08160400390625,0.01251220703125
0.39208984375,-0.12103271484375,-0.00890350341796875
0.431640625,-0.16845703125,-0.04595947265625
0.431640625,-0.199951171875,-0.1356201171875
0.44482421875,-0.2183837890625,-0.154052734375
0.468505859375,-0.2315673828125,-0.185791015625
0.463134765625,-0.247314453125,-0.217529296875
0.447265625,-0.252685546875,-0.2305908203125
0.428955078125,-0.252685546875,-0.23583984375
0.386962890625,-0.226318359375,-0.2646484375
0.347412109375,-0.2078857421875,-0.2435302734375
0.32373046875,-0.1710205078125,-0.2039794921875
0.300048828125,-0.1473388671875,-0.177490234375
0.1973876953125,-0.1341552734375,-0.1693115234375
0.14208984375,-0.0947265625,-0.156005859375
0.0947265625,-0.036834716796875,-0.097900390625
0.023681640625,-0.02105712890625,-0.0633544921875
-0.0421142578125,0.036834716796875,-0.034271240234375
-0.08685302734375,0.0762939453125,0.021209716796875
-0.1341552734375,0.09735107421875,0.0504150390625
-0.1710205078125,0.1341552734375,0.0582275390625
-0.205322265625,0.14208984375,0.11920166015625
-0.25,0.165771484375,0.135009765625
-0.252685546875,0.189453125,0.1534423828125
-0.25537109375,0.1947021484375,0.1534423828125
-0.247314453125,0.1947021484375,0.1534423828125
-0.247314453125,0.1947021484375,0.1402587890625
-0.2315673828125,0.1947021484375,0.1588134765625
-0.2183837890625,0.189453125,0.148193359375
-0.2105712890625,0.1842041015625,0.137451171875
-0.178955078125,0.1973876953125,0.13232421875
-0.1632080078125,0.20263671875,0.11370849609375
-0.1632080078125,0.20263671875,0.10577392578125
-0.1632080078125,0.2078857421875,0.11370849609375
-0.144775390625,0.2236328125,0.11895751953125
-0.1578369140625,0.2315673828125,0.11895751953125
-0.12890625,0.247314453125,0.137451171875
-0.12890625,0.247314453125,0.1241455078125
-0.14208984375,0.239501953125,0.1083984375
-0.1236572265625,0.247314453125,0.150634765625
-0.1026611328125,0.23681640625,0.153076171875
-0.0894775390625,0.213134765625,0.153076171875
-0.0657958984375,0.192138671875,0.126708984375
-0.0052642822265625,0.1552734375,0.1343994140625
0.02105712890625,0.118408203125,0.102783203125
0.071044921875,0.04473876953125,0.0736083984375
0.1395263671875,0.010528564453125,0.039154052734375
0.189453125,-0.04473876953125,-0.0058441162109375
0.239501953125,-0.1341552734375,-0.058685302734375
0.281494140625,-0.1842041015625,-0.08770751953125
0.334228515625,-0.2158203125,-0.1142578125
0.33154296875,-0.279052734375,-0.17236328125
0.381591796875,-0.281494140625,-0.17236328125
0.386962890625,-0.2919921875,-0.19873046875
0.355224609375,-0.313232421875,-0.2462158203125
0.315673828125,-0.307861328125,-0.288330078125
0.2763671875,-0.302734375,-0.291015625
0.239501953125,-0.2919921875,-0.28564453125
0.2105712890625,-0.268310546875,-0.227294921875
0.1578369140625,-0.226318359375,-0.216796875
0.12103271484375,-0.189453125,-0.1876220703125
0.04473876953125,-0.144775390625,-0.1558837890625
0.00789642333984375,-0.11053466796875,-0.118896484375
-0.055267333984375,-0.08160400390625,-0.07647705078125
-0.0947265625,-0.04736328125,-0.05523681640625
-0.12103271484375,-0.00263214111328125,-0.012969970703125
-0.144775390625,0.0157928466796875,0.0213623046875
-0.16845703125,0.034210205078125,0.047821044921875
-0.1815185546875,0.04473876953125,0.07421875
-0.1815185546875,0.060516357421875,0.084716796875
-0.192138671875,0.06317138671875,0.09002685546875
-0.1842041015625,0.07366943359375,0.10321044921875
-0.152587890625,0.0762939453125,0.1083984375
-0.14208984375,0.084228515625,0.09783935546875
-0.131591796875,0.0762939453125,0.0740966796875
-0.11053466796875,0.084228515625,0.0609130859375
-0.08685302734375,0.0947265625,0.0687255859375
-0.09735107421875,0.0947265625,0.039703369140625
-0.1026611328125,0.0947265625,0.03179931640625
-0.08160400390625,0.11578369140625,0.055450439453125
-0.08160400390625,0.1368408203125,0.05548095703125
-0.0947265625,0.1605224609375,0.0792236328125
-0.0947265625,0.20263671875,0.08984375
-0.1500244140625,0.213134765625,0.07684326171875
-0.1737060546875,0.2420654296875,0.1004638671875
-0.1842041015625,0.286865234375,0.142822265625
-0.199951171875,0.321044921875,0.171875
-0.2158203125,0.342041015625,0.2325439453125
-0.25,0.386962890625,0.2403564453125
-0.27099609375,0.394775390625,0.26953125
-0.281494140625,0.39990234375,0.27490234375
-0.268310546875,0.407958984375,0.330322265625
-0.22900390625,0.407958984375,0.3486328125
-0.1973876953125,0.35791015625,0.330078125
-0.1500244140625,0.300048828125,0.301025390625
-0.06317138671875,0.2342529296875,0.29541015625
0.036834716796875,0.1395263671875,0.260986328125
0.152587890625,0.057891845703125,0.147216796875
0.273681640625,-0.04473876953125,0.12322998046875
0.33935546875,-0.1632080078125,0.004405975341796875
0.434326171875,-0.286865234375,-0.10125732421875
0.51318359375,-0.368408203125,-0.191162109375
0.5791015625,-0.436767578125,-0.262451171875
0.63134765625,-0.49462890625,-0.331298828125
0.63134765625,-0.5263671875,-0.39990234375
0.6103515625,-0.56298828125,-0.436767578125
0.59228515625,-0.55517578125,-0.478759765625
0.5498046875,-0.5498046875,-0.484130859375
0.481689453125,-0.5263671875,-0.468017578125
0.41845703125,-0.481689453125,-0.462646484375
0.33154296875,-0.434326171875,-0.444091796875
0.2183837890625,-0.36572265625,-0.4013671875
0.12103271484375,-0.313232421875,-0.35107421875
0.0263214111328125,-0.239501953125,-0.29296875
-0.0421142578125,-0.165771484375,-0.211181640625
-0.1368408203125,-0.071044921875,-0.1448974609375
-0.2578125,0.00789642333984375,-0.10498046875
-0.313232421875,0.0999755859375,0.000637054443359375
-0.41064453125,0.14208984375,0.043121337890625
-0.489501953125,0.1868896484375,0.101318359375
-0.52099609375,0.273681640625,0.169921875
-0.55517578125,0.310546875,0.2042236328125
-0.59716796875,0.3447265625,0.251953125
-0.576171875,0.37890625,0.29150390625
-0.5498046875,0.38427734375,0.31494140625
-0.5185546875,0.373779296875,0.32275390625
-0.44482421875,0.347412109375,0.33056640625
-0.36572265625,0.30517578125,0.3251953125
-0.26318359375,0.2578125,0.280029296875
-0.152587890625,0.205322265625,0.2349853515625
-0.071044921875,0.1368408203125,0.1795654296875
0.00263214111328125,0.031585693359375,0.1158447265625
0.09735107421875,-0.0289459228515625,0.0498046875
0.1710205078125,-0.06842041015625,-0.0110321044921875
0.2315673828125,-0.09735107421875,-0.034912109375
0.2447509765625,-0.1368408203125,-0.08251953125
0.279052734375,-0.1578369140625,-0.1298828125
0.279052734375,-0.152587890625,-0.145751953125
0.252685546875,-0.1395263671875,-0.145751953125
0.2183837890625,-0.10791015625,-0.11663818359375
0.178955078125,-0.0657958984375,-0.08477783203125
0.1236572265625,-0.036834716796875,-0.08477783203125
0.060516357421875,0.02105712890625,-0.060882568359375
0.0,0.0657958984375,-0.044921875
-0.0421142578125,0.0999755859375,0.00795745849609375
-0.06842041015625,0.1632080078125,0.034454345703125
-0.10791015625,0.205322265625,0.10565185546875
-0.131591796875,0.2183837890625,0.1295166015625
-0.1737060546875,0.247314453125,0.126953125
-0.1632080078125,0.260498046875,0.1585693359375
-0.1632080078125,0.260498046875,0.1585693359375
-0.16845703125,0.23681640625,0.1611328125
-0.1236572265625,0.2315673828125,0.177001953125
-0.09210205078125,0.20263671875,0.1663818359375
-0.07891845703125,0.12890625,0.100341796875
-0.034210205078125,0.0947265625,0.0897216796875
0.039459228515625,0.04473876953125,0.07110595703125
0.0657958984375,-0.0263214111328125,0.015594482421875
0.1341552734375,-0.1026611328125,-0.005664825439453125
0.1815185546875,-0.1368408203125,-0.01374053955078125
0.2105712890625,-0.199951171875,-0.12188720703125
0.25537109375,-0.252685546875,-0.1351318359375
0.273681640625,-0.28955078125,-0.1668701171875
0.273681640625,-0.33935546875,-0.2222900390625
0.279052734375,-0.36572265625,-0.2303466796875
0.28955078125,-0.37890625,-0.2303466796875
0.28955078125,-0.39208984375,-0.254150390625
0.2841796875,-0.39208984375,-0.26708984375
0.26318359375,-0.389404296875,-0.301513671875
0.239501953125,-0.37890625,-0.31201171875
0.2210693359375,-0.35791015625,-0.251220703125
0.1947021484375,-0.3369140625,-0.274658203125
0.12103271484375,-0.307861328125,-0.274658203125
0.0894775390625,-0.2841796875,-0.232421875
0.057891845703125,-0.2342529296875,-0.1954345703125
0.0184173583984375,-0.189453125,-0.1820068359375
-0.057891845703125,-0.152587890625,-0.1661376953125
-0.0999755859375,-0.09735107421875,-0.155517578125
-0.144775390625,-0.04736328125,-0.0894775390625
-0.20263671875,0.0184173583984375,-0.07073974609375
-0.252685546875,0.060516357421875,-0.033782958984375
-0.302734375,0.1026611328125,0.01116180419921875
-0.35009765625,0.165771484375,0.03228759765625
-0.39208984375,0.2183837890625,0.10357666015625
-0.42626953125,0.25537109375,0.11431884765625
-0.447265625,0.29736328125,0.182861328125
-0.449951171875,0.328857421875,0.201416015625
-0.449951171875,0.3447265625,0.246337890625
-0.455322265625,0.394775390625,0.298828125
-0.455322265625,0.39208984375,0.312255859375
-0.436767578125,0.376220703125,0.320068359375
-0.389404296875,0.38427734375,0.359375
-0.36572265625,0.37109375,0.354248046875
-0.3447265625,0.313232421875,0.33837890625
-0.260498046875,0.286865234375,0.32763671875
-0.165771484375,0.239501953125,0.3193359375
-0.07891845703125,0.1842041015625,0.2666015625
0.023681640625,0.131591796875,0.221435546875
0.1026611328125,0.055267333984375,0.1552734375
0.1815185546875,-0.031585693359375,0.10772705078125
0.2578125,-0.0947265625,0.0310211181640625
0.33154296875,-0.144775390625,-0.043060302734375
0.39208984375,-0.1868896484375,-0.1038818359375
0.436767578125,-0.2236328125,-0.1488037109375
0.442138671875,-0.26318359375,-0.2042236328125
0.439453125,-0.286865234375,-0.2332763671875
0.44482421875,-0.281494140625,-0.259521484375
0.434326171875,-0.27099609375,-0.2646484375
0.38427734375,-0.26318359375,-0.2646484375
0.355224609375,-0.2420654296875,-0.2646484375
0.300048828125,-0.213134765625,-0.2486572265625
0.239501953125,-0.17626953125,-0.19580078125
0.1815185546875,-0.12890625,-0.1693115234375
0.1473388671875,-0.07891845703125,-0.1663818359375
0.060516357421875,-0.055267333984375,-0.1295166015625
0.00263214111328125,-0.01316070556640625,-0.0711669921875
-0.057891845703125,0.0289459228515625,-0.039642333984375
-0.0999755859375,0.055267333984375,0.002685546875
-0.152587890625,0.08160400390625,0.008056640625
-0.152587890625,0.11053466796875,0.07940673828125
-0.17626953125,0.11578369140625,0.08990478515625
-0.2420654296875,0.12890625,0.09014892578125
-0.2447509765625,0.1341552734375,0.09808349609375
-0.2183837890625,0.144775390625,0.12445068359375
